0.558, 0.000, 0.000, 0.000, 0.000, 0.558, 0.000,  0.000, 0.000, 0.000, 0.558, 0.000, 0.000, 0.000, 0.000, 0.000, 0.000, 0.000, 0.000, 0.000, 0.000, 0.000, 0.000, 0.000, 0.000, 0.000, 0.000,  0.000, 0.000, 0.000, 0.000, 0.000, 0.000, 0.558, 0.000, 0.000, 0.000, 0.000, 0.000, 0.000, 0.000, 0.000, 0.000, 0.000, 0.000, 0.000, 0.000, 0.000, 0.000, 0.000, 0.000, 0.000, 0.000, 0.000, 0.000, 0.000, 0.000, 0.000, 0.000, 0.000, 0.000, 0.558,  0.000, 0.000, 0.000, 0.000, 0.000, 0.000, 0.000, 0.000, 0.000, 0.000, 0.000, 0.000, 0.000, 0.558, 0.000, 0.000, 0.000, 0.000, 0.000, 0.000, 0.000, 0.000
0.000,     ∞, 0.000, 0.000, 0.000, 0.000, 0.000,  0.000, 0.000, 0.000, 0.910, 0.000, 0.000, 0.000, 0.000, 0.000, 0.000, 0.000, 0.000, 0.000, 0.000, 0.000, 0.000, 0.000, 0.000, 0.000, 0.000,  0.000, 0.000, 0.000, 0.621, 0.621, 0.000, 0.000, 0.000, 0.621, 0.000, 0.000, 0.000, 0.000, 0.000, 0.000, 0.000, 0.000, 0.000, 0.621, 0.000, 0.000, 0.000, 0.000, 0.000, 0.000, 0.000, 0.000, 0.000, 0.000, 0.000, 0.000, 0.000, 0.000, 0.000, 0.910,  0.000, 0.000, 0.000, 0.000, 0.000, 0.000, 0.000, 0.000, 0.000, 0.000, 0.000, 0.000, 0.000, 2.885, 0.000, 0.000, 0.000, 0.000, 0.000, 0.000, 0.000, 0.000
0.000, 0.000, 0.000, 0.000, 0.000, 0.000, 0.000,  0.000, 0.000, 0.000, 0.000, 0.000, 0.000, 0.000, 0.000, 0.000, 0.000, 0.000, 0.000, 0.000, 0.000, 0.000, 0.000, 0.000, 0.000, 0.000, 0.000,  0.000, 0.000, 0.000, 0.000, 0.000, 0.000, 0.000, 0.000, 0.000, 0.000, 0.000, 0.000, 0.000, 0.000, 0.000, 0.000, 0.000, 0.000, 0.000, 0.000, 0.000, 0.000, 0.000, 0.000, 0.000, 0.000, 0.000, 0.000, 0.000, 0.000, 0.000, 0.000, 0.000, 0.000, 0.000,  0.000, 0.000, 0.000, 0.000, 0.000, 0.000, 0.000, 0.000, 0.000, 0.000, 0.000, 0.000, 0.000, 0.000, 0.000, 0.000, 0.000, 0.000, 0.000, 0.000, 0.000, 0.000
0.000, 0.000, 0.000,     ∞, 0.000, 0.000, 0.000,  0.000, 3.405, 0.307, 0.000, 4.758, 2.313, 4.667, 4.919, 3.036, 3.302, 6.458, 4.497, 3.881, 0.681, 1.631, 1.708, 0.000, 4.985, 1.001, 6.157,  0.000, 0.000, 0.000, 0.000, 0.000, 0.000, 0.000, 0.000, 0.000, 0.000, 5.722, 0.000, 4.550, 0.000, 0.000, 0.000, 0.000, 5.722, 0.000, 2.334, 0.000, 0.000, 0.000, 5.754, 0.000, 0.000, 0.000, 0.000, 0.000, 0.000, 4.198, 0.000, 0.000, 0.000, 0.000,  6.659, 0.000, 0.000, 0.000, 0.000, 0.000, 0.000, 0.000, 0.000, 0.000, 0.000, 0.000, 0.000, 0.000, 3.995, 0.000, 0.000, 0.307, 0.000, 5.754, 3.192, 1.353
0.000, 0.000, 0.000, 0.000, 0.000, 0.000, 0.000,  0.000, 0.000, 0.000, 0.000, 0.000, 0.000, 0.000, 0.000, 0.000, 0.000, 0.000, 0.000, 0.000, 0.000, 0.000, 0.000, 0.000, 0.000, 0.000, 0.000,  0.000, 0.000, 0.000, 0.000, 0.000, 0.000, 0.000, 0.000, 0.000, 0.000, 0.000, 0.000, 0.000, 0.000, 0.000, 0.000, 0.000, 0.000, 0.000, 0.000, 0.000, 0.000, 0.000, 0.000, 0.000, 0.000, 0.000, 0.000, 0.000, 0.000, 0.000, 0.000, 0.000, 0.000, 0.000,  0.000, 0.000, 0.000, 0.000, 0.000, 0.000, 0.000, 0.000, 0.000, 0.000, 0.000, 0.000, 0.000, 0.000, 0.000, 0.000, 0.000, 0.000, 0.000, 0.000, 0.000, 0.000
0.558, 0.000, 0.000, 0.000, 0.000, 0.558, 0.000,  0.000, 0.000, 0.000, 0.558, 0.000, 0.000, 0.000, 0.000, 0.000, 0.000, 0.000, 0.000, 0.000, 0.000, 0.000, 0.000, 0.000, 0.000, 0.000, 0.000,  0.000, 0.000, 0.000, 0.000, 0.000, 0.000, 0.558, 0.000, 0.000, 0.000, 0.000, 0.000, 0.000, 0.000, 0.000, 0.000, 0.000, 0.000, 0.000, 0.000, 0.000, 0.000, 0.000, 0.000, 0.000, 0.000, 0.000, 0.000, 0.000, 0.000, 0.000, 0.000, 0.000, 0.000, 0.558,  0.000, 0.000, 0.000, 0.000, 0.000, 0.000, 0.000, 0.000, 0.000, 0.000, 0.000, 0.000, 0.000, 0.558, 0.000, 0.000, 0.000, 0.000, 0.000, 0.000, 0.000, 0.000
0.000, 0.000, 0.000, 0.000, 0.000, 0.000, 0.303,  0.303, 0.000, 0.000, 0.000, 0.000, 0.000, 0.000, 0.000, 0.000, 0.000, 0.000, 0.000, 0.000, 0.000, 0.000, 0.000, 0.303, 0.000, 0.000, 0.000,  0.303, 0.000, 0.000, 0.303, 0.303, 0.303, 0.000, 0.000, 0.000, 0.000, 0.000, 0.303, 0.000, 0.000, 0.303, 0.303, 0.303, 0.000, 0.000, 0.000, 0.303, 0.000, 0.000, 0.000, 0.000, 0.000, 0.303, 0.303, 0.000, 0.303, 0.000, 0.303, 0.303, 0.000, 0.000,  0.000, 0.303, 0.303, 0.303, 0.303, 0.000, 0.000, 0.000, 0.303, 0.303, 0.303, 0.000, 0.000, 0.000, 0.000, 0.303, 0.000, 0.303, 0.303, 0.000, 0.000, 0.000
0.000, 0.000, 0.000, 0.000, 0.000, 0.000, 0.303, 11.626, 0.000, 0.986, 0.000, 0.000, 0.000, 0.000, 0.000, 0.000, 0.000, 0.000, 0.000, 0.000, 0.000, 0.000, 0.000, 6.059, 0.000, 0.000, 0.000,  8.056, 2.619, 0.000, 5.307, 4.501, 4.636, 1.104, 2.483, 2.251, 7.283, 0.000, 3.926, 0.000, 1.293, 7.286, 5.256, 4.037, 0.000, 0.000, 0.000, 3.433, 5.472, 1.811, 0.000, 3.283, 0.000, 4.908, 5.253, 6.581, 1.313, 0.000, 4.902, 6.413, 0.000, 0.000,  0.346, 4.210, 5.908, 5.368, 4.186, 0.514, 0.346, 0.000, 5.645, 6.939, 6.294, 1.606, 1.470, 0.000, 0.000, 7.098, 0.000, 3.537, 3.862, 0.000, 0.000, 0.000
0.000, 0.000, 0.000, 3.405, 0.000, 0.000, 0.000,  0.000, 5.246, 0.307, 0.000, 3.755, 3.064, 3.084, 4.412, 3.108, 1.760, 4.932, 3.699, 3.417, 1.361, 3.056, 1.759, 0.000, 3.706, 1.413, 4.501,  0.000, 0.000, 0.328, 0.000, 0.000, 0.000, 0.000, 0.000, 0.000, 0.000, 3.801, 0.000, 3.699, 0.000, 0.000, 0.000, 0.000, 3.801, 0.000, 3.425, 0.000, 0.000, 0.000, 4.501, 0.000, 0.000, 0.000, 0.000, 0.000, 0.000, 4.469, 0.000, 0.000, 0.000, 0.000,  4.940, 0.000, 0.000, 0.000, 0.000, 0.000, 0.000, 0.000, 0.000, 0.000, 0.000, 0.000, 0.000, 0.000, 1.343, 0.000, 0.000, 0.307, 0.000, 4.154, 2.311, 1.014
0.000, 0.000, 0.000, 0.307, 0.000, 0.000, 0.000,  0.986, 0.307, 1.293, 0.000, 0.307, 0.307, 0.307, 0.307, 0.307, 0.307, 0.307, 0.307, 0.307, 0.000, 0.307, 0.307, 0.328, 0.307, 0.000, 0.307,  0.986, 0.000, 0.000, 0.662, 0.986, 0.000, 0.000, 0.000, 0.000, 0.986, 0.307, 0.986, 0.307, 0.000, 0.986, 0.657, 0.324, 0.307, 0.000, 0.307, 0.000, 0.328, 0.000, 0.307, 0.657, 0.000, 0.662, 0.986, 0.657, 0.000, 0.307, 0.652, 0.324, 0.000, 0.000,  0.000, 0.657, 0.986, 0.986, 0.328, 0.000, 0.000, 0.000, 0.657, 0.986, 0.328, 0.000, 0.000, 0.000, 0.307, 0.986, 0.000, 1.293, 0.652, 0.307, 0.307, 0.000
0.558, 0.910, 0.000, 0.000, 0.000, 0.558, 0.000,  0.000, 0.000, 0.000, 1.468, 0.000, 0.000, 0.000, 0.000, 0.000, 0.000, 0.000, 0.000, 0.000, 0.000, 0.000, 0.000, 0.000, 0.000, 0.000, 0.000,  0.000, 0.000, 0.000, 0.000, 0.000, 0.000, 0.558, 0.000, 0.000, 0.000, 0.000, 0.000, 0.000, 0.000, 0.000, 0.000, 0.000, 0.000, 0.000, 0.000, 0.000, 0.000, 0.000, 0.000, 0.000, 0.000, 0.000, 0.000, 0.000, 0.000, 0.000, 0.000, 0.000, 0.000, 1.468,  0.000, 0.000, 0.000, 0.000, 0.000, 0.000, 0.000, 0.000, 0.000, 0.000, 0.000, 0.000, 0.000, 0.558, 0.000, 0.000, 0.000, 0.000, 0.000, 0.000, 0.000, 0.000
0.000, 0.000, 0.000, 4.758, 0.000, 0.000, 0.000,  0.000, 3.755, 0.307, 0.000, 6.182, 2.960, 3.751, 4.435, 2.651, 1.697, 5.534, 4.791, 3.709, 1.361, 3.056, 1.676, 0.000, 4.798, 0.977, 5.232,  0.000, 0.000, 0.328, 0.000, 0.000, 0.000, 0.000, 0.000, 0.000, 0.000, 4.490, 0.000, 4.389, 0.000, 0.000, 0.000, 0.000, 4.490, 0.000, 3.037, 0.000, 0.000, 0.000, 4.830, 0.000, 0.000, 0.000, 0.000, 0.000, 0.000, 4.012, 0.000, 0.000, 0.000, 0.000,  5.254, 0.000, 0.000, 0.000, 0.000, 0.000, 0.000, 0.000, 0.000, 0.000, 0.000, 0.000, 0.000, 0.000, 2.375, 0.000, 0.000, 0.307, 0.000, 5.165, 2.661, 1.353
0.000, 0.000, 0.000, 2.313, 0.000, 0.000, 0.000,  0.000, 3.064, 0.307, 0.000, 2.960, 3.737, 3.058, 2.981, 2.369, 2.073, 3.089, 2.960, 3.043, 1.008, 2.286, 1.386, 0.000, 2.960, 1.394, 2.992,  0.000, 0.000, 0.328, 0.000, 0.000, 0.000, 0.000, 0.000, 0.000, 0.000, 2.652, 0.000, 3.320, 0.000, 0.000, 0.000, 0.000, 2.652, 0.000, 2.981, 0.000, 0.000, 0.000, 2.992, 0.000, 0.000, 0.000, 0.000, 0.000, 0.000, 3.737, 0.000, 0.000, 0.000, 0.000,  3.430, 0.000, 0.000, 0.000, 0.000, 0.000, 0.000, 0.000, 0.000, 0.000, 0.000, 0.000, 0.000, 0.000, 0.982, 0.000, 0.000, 0.307, 0.000, 2.311, 2.292, 0.654
0.000, 0.000, 0.000, 4.667, 0.000, 0.000, 0.000,  0.000, 3.084, 0.307, 0.000, 3.751, 3.058, 5.846, 3.837, 3.502, 3.358, 4.717, 3.398, 3.570, 0.328, 1.607, 2.166, 0.000, 3.886, 1.394, 4.186,  0.000, 0.000, 0.328, 0.000, 0.000, 0.000, 0.000, 0.000, 0.000, 0.000, 3.783, 0.000, 3.709, 0.000, 0.000, 0.000, 0.000, 3.783, 0.000, 2.736, 0.000, 0.000, 0.000, 3.783, 0.000, 0.000, 0.000, 0.000, 0.000, 0.000, 4.238, 0.000, 0.000, 0.000, 0.000,  5.539, 0.000, 0.000, 0.000, 0.000, 0.000, 0.000, 0.000, 0.000, 0.000, 0.000, 0.000, 0.000, 0.000, 2.669, 0.000, 0.000, 0.307, 0.000, 4.051, 2.384, 1.353
0.000, 0.000, 0.000, 4.919, 0.000, 0.000, 0.000,  0.000, 4.412, 0.307, 0.000, 4.435, 2.981, 3.837, 7.082, 3.459, 2.079, 6.434, 5.517, 4.212, 1.361, 2.639, 2.471, 0.000, 5.524, 1.330, 5.598,  0.000, 0.000, 0.328, 0.000, 0.000, 0.000, 0.000, 0.000, 0.000, 0.000, 4.495, 0.000, 4.393, 0.000, 0.000, 0.000, 0.000, 4.495, 0.000, 3.776, 0.000, 0.000, 0.000, 5.195, 0.000, 0.000, 0.000, 0.000, 0.000, 0.000, 4.386, 0.000, 0.000, 0.000, 0.000,  6.054, 0.000, 0.000, 0.000, 0.000, 0.000, 0.000, 0.000, 0.000, 0.000, 0.000, 0.000, 0.000, 0.000, 2.957, 0.000, 0.000, 0.307, 0.000, 5.351, 2.645, 1.014
0.000, 0.000, 0.000, 3.036, 0.000, 0.000, 0.000,  0.000, 3.108, 0.307, 0.000, 2.651, 2.369, 3.502, 3.459, 4.216, 2.073, 3.567, 3.012, 2.830, 0.000, 1.279, 2.527, 0.000, 3.019, 1.747, 3.036,  0.000, 0.000, 0.328, 0.000, 0.000, 0.000, 0.000, 0.000, 0.000, 0.000, 2.675, 0.000, 3.004, 0.000, 0.000, 0.000, 0.000, 2.675, 0.000, 2.407, 0.000, 0.000, 0.000, 3.364, 0.000, 0.000, 0.000, 0.000, 0.000, 0.000, 3.421, 0.000, 0.000, 0.000, 0.000,  3.909, 0.000, 0.000, 0.000, 0.000, 0.000, 0.000, 0.000, 0.000, 0.000, 0.000, 0.000, 0.000, 0.000, 1.417, 0.000, 0.000, 0.307, 0.000, 3.150, 1.637, 1.353
0.000, 0.000, 0.000, 3.302, 0.000, 0.000, 0.000,  0.000, 1.760, 0.307, 0.000, 1.697, 2.073, 3.358, 2.079, 2.073, 3.719, 2.590, 2.058, 2.141, 0.000, 0.622, 1.418, 0.000, 2.539, 1.065, 2.821,  0.000, 0.000, 0.000, 0.000, 0.000, 0.000, 0.000, 0.000, 0.000, 0.000, 2.058, 0.000, 1.656, 0.000, 0.000, 0.000, 0.000, 2.058, 0.000, 1.677, 0.000, 0.000, 0.000, 2.419, 0.000, 0.000, 0.000, 0.000, 0.000, 0.000, 2.554, 0.000, 0.000, 0.000, 0.000,  3.412, 0.000, 0.000, 0.000, 0.000, 0.000, 0.000, 0.000, 0.000, 0.000, 0.000, 0.000, 0.000, 0.000, 2.226, 0.000, 0.000, 0.307, 0.000, 2.293, 1.358, 0.654
0.000, 0.000, 0.000, 6.458, 0.000, 0.000, 0.000,  0.000, 4.932, 0.307, 0.000, 5.534, 3.089, 4.717, 6.434, 3.567, 2.590, 9.455, 5.577, 5.426, 1.361, 2.742, 2.554, 0.000, 5.584, 1.098, 6.933,  0.000, 0.000, 0.328, 0.000, 0.000, 0.000, 0.000, 0.000, 0.000, 0.000, 5.830, 0.000, 4.909, 0.000, 0.000, 0.000, 0.000, 5.830, 0.000, 3.544, 0.000, 0.000, 0.000, 6.530, 0.000, 0.000, 0.000, 0.000, 0.000, 0.000, 4.494, 0.000, 0.000, 0.000, 0.000,  7.806, 0.000, 0.000, 0.000, 0.000, 0.000, 0.000, 0.000, 0.000, 0.000, 0.000, 0.000, 0.000, 0.000, 3.633, 0.000, 0.000, 0.307, 0.000, 7.132, 3.223, 1.039
0.000, 0.000, 0.000, 4.497, 0.000, 0.000, 0.000,  0.000, 3.699, 0.307, 0.000, 4.791, 2.960, 3.398, 5.517, 3.012, 2.058, 5.577, 6.226, 4.069, 1.361, 2.639, 2.037, 0.000, 5.880, 1.330, 5.176,  0.000, 0.000, 0.328, 0.000, 0.000, 0.000, 0.000, 0.000, 0.000, 0.000, 4.073, 0.000, 4.389, 0.000, 0.000, 0.000, 0.000, 4.073, 0.000, 2.981, 0.000, 0.000, 0.000, 4.774, 0.000, 0.000, 0.000, 0.000, 0.000, 0.000, 4.012, 0.000, 0.000, 0.000, 0.000,  5.198, 0.000, 0.000, 0.000, 0.000, 0.000, 0.000, 0.000, 0.000, 0.000, 0.000, 0.000, 0.000, 0.000, 2.115, 0.000, 0.000, 0.307, 0.000, 4.487, 3.014, 1.000
0.000, 0.000, 0.000, 3.881, 0.000, 0.000, 0.000,  0.000, 3.417, 0.307, 0.000, 3.709, 3.043, 3.570, 4.212, 2.830, 2.141, 5.426, 4.069, 5.740, 1.361, 2.639, 2.208, 0.000, 4.069, 1.060, 4.560,  0.000, 0.000, 0.328, 0.000, 0.000, 0.000, 0.000, 0.000, 0.000, 0.000, 3.860, 0.000, 3.356, 0.000, 0.000, 0.000, 0.000, 3.860, 0.000, 3.081, 0.000, 0.000, 0.000, 4.560, 0.000, 0.000, 0.000, 0.000, 0.000, 0.000, 3.396, 0.000, 0.000, 0.000, 0.000,  5.433, 0.000, 0.000, 0.000, 0.000, 0.000, 0.000, 0.000, 0.000, 0.000, 0.000, 0.000, 0.000, 0.000, 2.564, 0.000, 0.000, 0.307, 0.000, 4.639, 2.729, 0.654
0.000, 0.000, 0.000, 0.681, 0.000, 0.000, 0.000,  0.000, 1.361, 0.000, 0.000, 1.361, 1.008, 0.328, 1.361, 0.000, 0.000, 1.361, 1.361, 1.361, 1.361, 1.361, 0.000, 0.000, 1.361, 0.000, 1.361,  0.000, 0.000, 0.000, 0.000, 0.000, 0.000, 0.000, 0.000, 0.000, 0.000, 1.021, 0.000, 1.008, 0.000, 0.000, 0.000, 0.000, 1.021, 0.000, 1.008, 0.000, 0.000, 0.000, 1.032, 0.000, 0.000, 0.000, 0.000, 0.000, 0.000, 1.361, 0.000, 0.000, 0.000, 0.000,  1.361, 0.000, 0.000, 0.000, 0.000, 0.000, 0.000, 0.000, 0.000, 0.000, 0.000, 0.000, 0.000, 0.000, 0.000, 0.000, 0.000, 0.000, 0.000, 1.361, 1.008, 0.000
0.000, 0.000, 0.000, 1.631, 0.000, 0.000, 0.000,  0.000, 3.056, 0.307, 0.000, 3.056, 2.286, 1.607, 2.639, 1.279, 0.622, 2.742, 2.639, 2.639, 1.361, 3.056, 0.635, 0.000, 2.639, 0.643, 2.728,  0.000, 0.000, 0.328, 0.000, 0.000, 0.000, 0.000, 0.000, 0.000, 0.000, 2.388, 0.000, 2.286, 0.000, 0.000, 0.000, 0.000, 2.388, 0.000, 2.703, 0.000, 0.000, 0.000, 2.728, 0.000, 0.000, 0.000, 0.000, 0.000, 0.000, 2.639, 0.000, 0.000, 0.000, 0.000,  2.749, 0.000, 0.000, 0.000, 0.000, 0.000, 0.000, 0.000, 0.000, 0.000, 0.000, 0.000, 0.000, 0.000, 0.622, 0.000, 0.000, 0.307, 0.000, 2.742, 1.958, 0.315
0.000, 0.000, 0.000, 1.708, 0.000, 0.000, 0.000,  0.000, 1.759, 0.307, 0.000, 1.676, 1.386, 2.166, 2.471, 2.527, 1.418, 2.554, 2.037, 2.208, 0.000, 0.635, 2.888, 0.000, 1.691, 1.079, 2.037,  0.000, 0.000, 0.328, 0.000, 0.000, 0.000, 0.000, 0.000, 0.000, 0.000, 1.347, 0.000, 1.676, 0.000, 0.000, 0.000, 0.000, 1.347, 0.000, 1.764, 0.000, 0.000, 0.000, 2.037, 0.000, 0.000, 0.000, 0.000, 0.000, 0.000, 1.732, 0.000, 0.000, 0.000, 0.000,  2.581, 0.000, 0.000, 0.000, 0.000, 0.000, 0.000, 0.000, 0.000, 0.000, 0.000, 0.000, 0.000, 0.000, 1.463, 0.000, 0.000, 0.307, 0.000, 2.137, 0.641, 0.346
0.000, 0.000, 0.000, 0.000, 0.000, 0.000, 0.303,  6.059, 0.000, 0.328, 0.000, 0.000, 0.000, 0.000, 0.000, 0.000, 0.000, 0.000, 0.000, 0.000, 0.000, 0.000, 0.000, 7.390, 0.000, 0.000, 0.000,  6.750, 2.588, 0.000, 4.254, 2.834, 4.662, 0.434, 1.707, 1.935, 5.004, 0.000, 3.266, 0.000, 1.293, 5.006, 3.581, 3.190, 0.000, 0.369, 0.000, 2.900, 4.159, 1.857, 0.000, 1.638, 0.000, 4.225, 3.883, 4.409, 1.264, 0.000, 3.537, 5.249, 0.000, 0.000,  0.000, 3.210, 3.881, 2.379, 3.888, 0.297, 0.000, 0.000, 4.685, 4.318, 6.291, 1.575, 0.956, 0.000, 0.000, 6.052, 0.000, 2.537, 2.552, 0.000, 0.000, 0.000
0.000, 0.000, 0.000, 4.985, 0.000, 0.000, 0.000,  0.000, 3.706, 0.307, 0.000, 4.798, 2.960, 3.886, 5.524, 3.019, 2.539, 5.584, 5.880, 4.069, 1.361, 2.639, 1.691, 0.000, 6.714, 1.330, 5.183,  0.000, 0.000, 0.328, 0.000, 0.000, 0.000, 0.000, 0.000, 0.000, 0.000, 4.080, 0.000, 4.395, 0.000, 0.000, 0.000, 0.000, 4.080, 0.000, 2.981, 0.000, 0.000, 0.000, 4.781, 0.000, 0.000, 0.000, 0.000, 0.000, 0.000, 4.499, 0.000, 0.000, 0.000, 0.000,  5.686, 0.000, 0.000, 0.000, 0.000, 0.000, 0.000, 0.000, 0.000, 0.000, 0.000, 0.000, 0.000, 0.000, 2.596, 0.000, 0.000, 0.307, 0.000, 4.975, 3.014, 1.007
0.000, 0.000, 0.000, 1.001, 0.000, 0.000, 0.000,  0.000, 1.413, 0.000, 0.000, 0.977, 1.394, 1.394, 1.330, 1.747, 1.065, 1.098, 1.330, 1.060, 0.000, 0.643, 1.079, 0.000, 1.330, 1.747, 1.330,  0.000, 0.000, 0.328, 0.000, 0.000, 0.000, 0.000, 0.000, 0.000, 0.000, 1.001, 0.000, 1.330, 0.000, 0.000, 0.000, 0.000, 1.001, 0.000, 0.977, 0.000, 0.000, 0.000, 1.330, 0.000, 0.000, 0.000, 0.000, 0.000, 0.000, 1.747, 0.000, 0.000, 0.000, 0.000,  1.747, 0.000, 0.000, 0.000, 0.000, 0.000, 0.000, 0.000, 0.000, 0.000, 0.000, 0.000, 0.000, 0.000, 0.315, 0.000, 0.000, 0.000, 0.000, 0.681, 1.001, 0.315
0.000, 0.000, 0.000, 6.157, 0.000, 0.000, 0.000,  0.000, 4.501, 0.307, 0.000, 5.232, 2.992, 4.186, 5.598, 3.036, 2.821, 6.933, 5.176, 4.560, 1.361, 2.728, 2.037, 0.000, 5.183, 1.330, 7.581,  0.000, 0.000, 0.328, 0.000, 0.000, 0.000, 0.000, 0.000, 0.000, 0.000, 6.150, 0.000, 5.229, 0.000, 0.000, 0.000, 0.000, 6.150, 0.000, 3.430, 0.000, 0.000, 0.000, 6.850, 0.000, 0.000, 0.000, 0.000, 0.000, 0.000, 4.397, 0.000, 0.000, 0.000, 0.000,  7.274, 0.000, 0.000, 0.000, 0.000, 0.000, 0.000, 0.000, 0.000, 0.000, 0.000, 0.000, 0.000, 0.000, 2.892, 0.000, 0.000, 0.307, 0.000, 5.748, 3.543, 1.353
0.000, 0.000, 0.000, 0.000, 0.000, 0.000, 0.303,  8.056, 0.000, 0.986, 0.000, 0.000, 0.000, 0.000, 0.000, 0.000, 0.000, 0.000, 0.000, 0.000, 0.000, 0.000, 0.000, 6.750, 0.000, 0.000, 0.000, 11.001, 2.276, 0.000, 6.514, 4.574, 6.216, 1.104, 1.707, 2.600, 7.379, 0.000, 4.594, 0.000, 0.653, 7.003, 5.957, 3.716, 0.000, 0.369, 0.000, 3.241, 4.501, 1.540, 0.000, 2.931, 0.000, 5.971, 5.601, 7.127, 1.610, 0.000, 5.217, 6.270, 0.000, 0.000,  0.346, 5.172, 6.256, 4.754, 6.433, 0.297, 0.346, 0.000, 6.336, 7.040, 6.665, 1.777, 1.470, 0.000, 0.000, 7.446, 0.000, 4.238, 4.233, 0.000, 0.000, 0.000
0.000, 0.000, 0.000, 0.000, 0.000, 0.000, 0.000,  2.619, 0.000, 0.000, 0.000, 0.000, 0.000, 0.000, 0.000, 0.000, 0.000, 0.000, 0.000, 0.000, 0.000, 0.000, 0.000, 2.588, 0.000, 0.000, 0.000,  2.276, 2.916, 0.000, 1.562, 0.894, 2.582, 0.000, 0.297, 1.280, 2.555, 0.000, 1.572, 0.000, 0.974, 2.252, 2.248, 2.258, 0.000, 0.000, 0.000, 1.599, 1.906, 0.974, 0.000, 0.649, 0.000, 1.228, 1.574, 2.570, 0.961, 0.000, 1.228, 2.916, 0.000, 0.000,  0.000, 1.280, 2.570, 1.272, 1.582, 0.297, 0.000, 0.000, 2.236, 1.912, 2.597, 1.584, 0.956, 0.000, 0.000, 2.588, 0.000, 1.240, 0.613, 0.000, 0.000, 0.000
0.000, 0.000, 0.000, 0.000, 0.000, 0.000, 0.000,  0.000, 0.328, 0.000, 0.000, 0.328, 0.328, 0.328, 0.328, 0.328, 0.000, 0.328, 0.328, 0.328, 0.000, 0.328, 0.328, 0.000, 0.328, 0.328, 0.328,  0.000, 0.000, 0.328, 0.000, 0.000, 0.000, 0.000, 0.000, 0.000, 0.000, 0.000, 0.000, 0.328, 0.000, 0.000, 0.000, 0.000, 0.000, 0.000, 0.328, 0.000, 0.000, 0.000, 0.328, 0.000, 0.000, 0.000, 0.000, 0.000, 0.000, 0.328, 0.000, 0.000, 0.000, 0.000,  0.328, 0.000, 0.000, 0.000, 0.000, 0.000, 0.000, 0.000, 0.000, 0.000, 0.000, 0.000, 0.000, 0.000, 0.000, 0.000, 0.000, 0.000, 0.000, 0.328, 0.000, 0.000
0.000, 0.621, 0.000, 0.000, 0.000, 0.000, 0.303,  5.307, 0.000, 0.662, 0.000, 0.000, 0.000, 0.000, 0.000, 0.000, 0.000, 0.000, 0.000, 0.000, 0.000, 0.000, 0.000, 4.254, 0.000, 0.000, 0.000,  6.514, 1.562, 0.000, 7.783, 5.195, 3.633, 0.780, 0.935, 2.503, 5.591, 0.000, 3.514, 0.000, 0.947, 5.531, 4.226, 3.039, 0.000, 0.621, 0.000, 2.158, 3.643, 0.628, 0.000, 2.960, 0.000, 5.879, 5.232, 4.626, 1.250, 0.000, 4.848, 3.976, 0.000, 0.000,  0.346, 3.845, 4.879, 4.057, 3.726, 0.297, 0.346, 0.000, 3.781, 5.251, 4.513, 1.424, 1.151, 0.000, 0.000, 5.995, 0.000, 3.885, 3.561, 0.000, 0.000, 0.000
0.000, 0.621, 0.000, 0.000, 0.000, 0.000, 0.303,  4.501, 0.000, 0.986, 0.000, 0.000, 0.000, 0.000, 0.000, 0.000, 0.000, 0.000, 0.000, 0.000, 0.000, 0.000, 0.000, 2.834, 0.000, 0.000, 0.000,  4.574, 0.894, 0.000, 5.195, 6.463, 2.483, 0.324, 0.616, 2.201, 5.220, 0.000, 3.197, 0.000, 0.613, 5.160, 4.220, 1.862, 0.000, 0.621, 0.000, 1.532, 2.536, 0.618, 0.000, 2.658, 0.000, 4.574, 4.892, 3.199, 0.904, 0.000, 4.508, 3.215, 0.000, 0.000,  0.346, 3.520, 4.205, 3.616, 2.253, 0.297, 0.346, 0.000, 3.468, 4.259, 3.220, 0.591, 0.303, 0.000, 0.000, 5.221, 0.000, 3.879, 3.236, 0.000, 0.000, 0.000
0.000, 0.000, 0.000, 0.000, 0.000, 0.000, 0.303,  4.636, 0.000, 0.000, 0.000, 0.000, 0.000, 0.000, 0.000, 0.000, 0.000, 0.000, 0.000, 0.000, 0.000, 0.000, 0.000, 4.662, 0.000, 0.000, 0.000,  6.216, 2.582, 0.000, 3.633, 2.483, 7.370, 0.324, 1.818, 2.548, 4.183, 0.000, 2.825, 0.000, 0.959, 5.471, 3.825, 3.699, 0.000, 0.369, 0.000, 3.166, 3.296, 1.847, 0.000, 2.113, 0.000, 3.488, 3.469, 4.919, 1.264, 0.000, 3.123, 4.523, 0.000, 0.000,  0.000, 3.494, 3.808, 2.206, 4.237, 0.297, 0.000, 0.514, 4.941, 3.843, 5.492, 2.417, 1.136, 0.000, 0.000, 4.161, 0.000, 2.493, 2.508, 0.000, 0.000, 0.000
0.558, 0.000, 0.000, 0.000, 0.000, 0.558, 0.000,  1.104, 0.000, 0.000, 0.558, 0.000, 0.000, 0.000, 0.000, 0.000, 0.000, 0.000, 0.000, 0.000, 0.000, 0.000, 0.000, 0.434, 0.000, 0.000, 0.000,  1.104, 0.000, 0.000, 0.780, 0.324, 0.324, 3.105, 0.000, 0.324, 0.669, 0.000, 0.000, 0.000, 0.000, 0.669, 0.669, 1.443, 0.000, 0.000, 0.000, 0.000, 0.434, 0.324, 0.000, 0.000, 0.000, 0.346, 0.669, 1.104, 0.346, 0.000, 0.669, 0.758, 0.000, 0.558,  0.000, 0.669, 0.669, 1.104, 0.000, 0.000, 0.000, 0.000, 0.324, 0.669, 0.000, 0.000, 0.000, 0.558, 0.000, 0.758, 0.000, 0.669, 0.669, 0.000, 0.000, 0.000
0.000, 0.000, 0.000, 0.000, 0.000, 0.000, 0.000,  2.483, 0.000, 0.000, 0.000, 0.000, 0.000, 0.000, 0.000, 0.000, 0.000, 0.000, 0.000, 0.000, 0.000, 0.000, 0.000, 1.707, 0.000, 0.000, 0.000,  1.707, 0.297, 0.000, 0.935, 0.616, 1.818, 0.000, 3.663, 0.935, 1.388, 0.000, 0.699, 0.000, 0.319, 1.818, 0.297, 0.638, 0.000, 0.369, 0.000, 0.935, 1.337, 0.883, 0.000, 0.833, 0.000, 1.304, 0.616, 1.388, 0.297, 0.000, 0.616, 1.388, 0.000, 0.000,  0.000, 0.935, 0.616, 0.000, 0.985, 0.297, 0.000, 0.514, 1.304, 1.410, 2.220, 0.616, 0.000, 0.000, 0.000, 1.337, 0.000, 0.297, 0.319, 0.000, 0.000, 0.000
0.000, 0.621, 0.000, 0.000, 0.000, 0.000, 0.000,  2.251, 0.000, 0.000, 0.000, 0.000, 0.000, 0.000, 0.000, 0.000, 0.000, 0.000, 0.000, 0.000, 0.000, 0.000, 0.000, 1.935, 0.000, 0.000, 0.000,  2.600, 1.280, 0.000, 2.503, 2.201, 2.548, 0.324, 0.935, 3.516, 2.215, 0.000, 1.572, 0.000, 0.613, 2.534, 2.257, 1.260, 0.000, 0.621, 0.000, 2.225, 1.864, 0.618, 0.000, 0.972, 0.000, 1.882, 1.886, 2.229, 0.658, 0.000, 1.886, 2.229, 0.000, 0.000,  0.000, 2.272, 2.229, 1.253, 1.597, 0.297, 0.000, 0.000, 2.548, 1.891, 2.225, 1.238, 0.000, 0.000, 0.000, 2.259, 0.000, 1.567, 1.589, 0.000, 0.000, 0.000
0.000, 0.000, 0.000, 0.000, 0.000, 0.000, 0.000,  7.283, 0.000, 0.986, 0.000, 0.000, 0.000, 0.000, 0.000, 0.000, 0.000, 0.000, 0.000, 0.000, 0.000, 0.000, 0.000, 5.004, 0.000, 0.000, 0.000,  7.379, 2.555, 0.000, 5.591, 5.220, 4.183, 0.669, 1.388, 2.215,     ∞, 0.000, 4.584, 0.000, 0.974, 7.540, 5.933, 3.220, 0.000, 0.369, 0.000, 2.552, 4.561, 1.667, 0.000, 3.629, 0.000, 5.996, 5.972, 6.258, 0.946, 0.000, 5.242, 5.332, 0.000, 0.000,  0.346, 4.189, 5.920, 5.010, 3.926, 0.297, 0.346, 0.000, 5.192, 7.064, 5.706, 1.903, 0.956, 0.000, 0.000, 7.022, 0.000, 4.575, 4.223, 0.000, 0.000, 0.000
0.000, 0.000, 0.000, 5.722, 0.000, 0.000, 0.000,  0.000, 3.801, 0.307, 0.000, 4.490, 2.652, 3.783, 4.495, 2.675, 2.058, 5.830, 4.073, 3.860, 1.021, 2.388, 1.347, 0.000, 4.080, 1.001, 6.150,  0.000, 0.000, 0.000, 0.000, 0.000, 0.000, 0.000, 0.000, 0.000, 0.000, 7.200, 0.000, 5.611, 0.000, 0.000, 0.000, 0.000, 6.860, 0.000, 2.730, 0.000, 0.000, 0.000, 6.872, 0.000, 0.000, 0.000, 0.000, 0.000, 0.000, 4.057, 0.000, 0.000, 0.000, 0.000,  6.172, 0.000, 0.000, 0.000, 0.000, 0.000, 0.000, 0.000, 0.000, 0.000, 0.000, 0.000, 0.000, 0.000, 2.129, 0.000, 0.000, 0.307, 0.000, 4.645, 3.532, 1.353
0.000, 0.000, 0.000, 0.000, 0.000, 0.000, 0.303,  3.926, 0.000, 0.986, 0.000, 0.000, 0.000, 0.000, 0.000, 0.000, 0.000, 0.000, 0.000, 0.000, 0.000, 0.000, 0.000, 3.266, 0.000, 0.000, 0.000,  4.594, 1.572, 0.000, 3.514, 3.197, 2.825, 0.000, 0.699, 1.572, 4.584, 0.000, 4.888, 0.000, 0.294, 4.485, 3.823, 2.221, 0.000, 0.000, 0.000, 2.168, 2.934, 0.294, 0.000, 1.962, 0.000, 3.514, 3.509, 3.910, 0.600, 0.000, 3.504, 3.227, 0.000, 0.000,  0.000, 3.200, 3.816, 2.547, 2.558, 0.297, 0.000, 0.000, 3.477, 3.926, 3.237, 1.238, 0.319, 0.000, 0.000, 4.252, 0.000, 3.180, 3.192, 0.000, 0.000, 0.000
0.000, 0.000, 0.000, 4.550, 0.000, 0.000, 0.000,  0.000, 3.699, 0.307, 0.000, 4.389, 3.320, 3.709, 4.393, 3.004, 1.656, 4.909, 4.389, 3.356, 1.008, 2.286, 1.676, 0.000, 4.395, 1.330, 5.229,  0.000, 0.000, 0.328, 0.000, 0.000, 0.000, 0.000, 0.000, 0.000, 0.000, 5.611, 0.000, 6.279, 0.000, 0.000, 0.000, 0.000, 5.611, 0.000, 2.981, 0.000, 0.000, 0.000, 5.950, 0.000, 0.000, 0.000, 0.000, 0.000, 0.000, 4.372, 0.000, 0.000, 0.000, 0.000,  5.250, 0.000, 0.000, 0.000, 0.000, 0.000, 0.000, 0.000, 0.000, 0.000, 0.000, 0.000, 0.000, 0.000, 1.712, 0.000, 0.000, 0.307, 0.000, 3.724, 3.469, 1.353
0.000, 0.000, 0.000, 0.000, 0.000, 0.000, 0.000,  1.293, 0.000, 0.000, 0.000, 0.000, 0.000, 0.000, 0.000, 0.000, 0.000, 0.000, 0.000, 0.000, 0.000, 0.000, 0.000, 1.293, 0.000, 0.000, 0.000,  0.653, 0.974, 0.000, 0.947, 0.613, 0.959, 0.000, 0.319, 0.613, 0.974, 0.000, 0.294, 0.000, 1.293, 1.293, 0.640, 1.293, 0.000, 0.000, 0.000, 0.613, 0.947, 0.974, 0.000, 0.346, 0.000, 0.613, 0.959, 0.628, 0.000, 0.000, 0.613, 1.293, 0.000, 0.000,  0.000, 0.319, 0.947, 0.640, 0.334, 0.000, 0.000, 0.000, 0.947, 0.947, 1.293, 0.640, 0.334, 0.000, 0.000, 1.293, 0.000, 0.640, 0.294, 0.000, 0.000, 0.000
0.000, 0.000, 0.000, 0.000, 0.000, 0.000, 0.303,  7.286, 0.000, 0.986, 0.000, 0.000, 0.000, 0.000, 0.000, 0.000, 0.000, 0.000, 0.000, 0.000, 0.000, 0.000, 0.000, 5.006, 0.000, 0.000, 0.000,  7.003, 2.252, 0.000, 5.531, 5.160, 5.471, 0.669, 1.818, 2.534, 7.540, 0.000, 4.485, 0.000, 1.293, 9.533, 5.184, 3.539, 0.000, 0.369, 0.000, 2.806, 4.932, 2.180, 0.000, 3.840, 0.000, 5.969, 5.945, 5.552, 0.946, 0.000, 5.594, 5.272, 0.000, 0.000,  0.346, 4.910, 5.893, 4.664, 4.783, 0.297, 0.346, 0.514, 5.597, 6.233, 5.843, 1.903, 1.055, 0.000, 0.000, 6.592, 0.000, 4.598, 4.527, 0.000, 0.000, 0.000
0.000, 0.000, 0.000, 0.000, 0.000, 0.000, 0.303,  5.256, 0.000, 0.657, 0.000, 0.000, 0.000, 0.000, 0.000, 0.000, 0.000, 0.000, 0.000, 0.000, 0.000, 0.000, 0.000, 3.581, 0.000, 0.000, 0.000,  5.957, 2.248, 0.000, 4.226, 4.220, 3.825, 0.669, 0.297, 2.257, 5.933, 0.000, 3.823, 0.000, 0.640, 5.184, 7.318, 2.537, 0.000, 0.000, 0.000, 2.898, 1.869, 0.964, 0.000, 2.958, 0.000, 5.317, 5.260, 4.507, 1.610, 0.000, 5.251, 4.204, 0.000, 0.000,  1.067, 4.534, 5.235, 4.632, 2.879, 0.297, 0.346, 0.000, 4.834, 4.928, 3.930, 1.584, 0.622, 0.000, 0.000, 5.615, 0.000, 4.550, 3.879, 0.000, 0.000, 0.000
0.000, 0.000, 0.000, 0.000, 0.000, 0.000, 0.303,  4.037, 0.000, 0.324, 0.000, 0.000, 0.000, 0.000, 0.000, 0.000, 0.000, 0.000, 0.000, 0.000, 0.000, 0.000, 0.000, 3.190, 0.000, 0.000, 0.000,  3.716, 2.258, 0.000, 3.039, 1.862, 3.699, 1.443, 0.638, 1.260, 3.220, 0.000, 2.221, 0.000, 1.293, 3.539, 2.537, 6.313, 0.000, 0.000, 0.000, 2.716, 2.247, 0.974, 0.000, 1.292, 0.000, 2.191, 2.542, 3.388, 0.607, 0.000, 2.196, 4.037, 0.000, 0.000,  0.000, 2.206, 3.177, 1.899, 2.421, 0.514, 0.000, 0.000, 3.162, 3.177, 3.200, 2.120, 1.984, 0.000, 0.000, 3.514, 0.000, 1.889, 1.878, 0.000, 0.000, 0.000
0.000, 0.000, 0.000, 5.722, 0.000, 0.000, 0.000,  0.000, 3.801, 0.307, 0.000, 4.490, 2.652, 3.783, 4.495, 2.675, 2.058, 5.830, 4.073, 3.860, 1.021, 2.388, 1.347, 0.000, 4.080, 1.001, 6.150,  0.000, 0.000, 0.000, 0.000, 0.000, 0.000, 0.000, 0.000, 0.000, 0.000, 6.860, 0.000, 5.611, 0.000, 0.000, 0.000, 0.000, 7.200, 0.000, 2.730, 0.000, 0.000, 0.000, 6.872, 0.000, 0.000, 0.000, 0.000, 0.000, 0.000, 4.057, 0.000, 0.000, 0.000, 0.000,  6.172, 0.000, 0.000, 0.000, 0.000, 0.000, 0.000, 0.000, 0.000, 0.000, 0.000, 0.000, 0.000, 0.000, 2.129, 0.000, 0.000, 0.307, 0.000, 4.645, 3.532, 1.353
0.000, 0.621, 0.000, 0.000, 0.000, 0.000, 0.000,  0.000, 0.000, 0.000, 0.000, 0.000, 0.000, 0.000, 0.000, 0.000, 0.000, 0.000, 0.000, 0.000, 0.000, 0.000, 0.000, 0.369, 0.000, 0.000, 0.000,  0.369, 0.000, 0.000, 0.621, 0.621, 0.369, 0.000, 0.369, 0.621, 0.369, 0.000, 0.000, 0.000, 0.000, 0.369, 0.000, 0.000, 0.000, 0.991, 0.000, 0.000, 0.000, 0.369, 0.000, 0.000, 0.000, 0.369, 0.000, 0.369, 0.000, 0.000, 0.000, 0.369, 0.000, 0.000,  0.000, 0.000, 0.000, 0.000, 0.369, 0.000, 0.000, 0.000, 0.369, 0.369, 0.369, 0.000, 0.000, 0.000, 0.000, 0.000, 0.000, 0.000, 0.000, 0.000, 0.000, 0.000
0.000, 0.000, 0.000, 2.334, 0.000, 0.000, 0.000,  0.000, 3.425, 0.307, 0.000, 3.037, 2.981, 2.736, 3.776, 2.407, 1.677, 3.544, 2.981, 3.081, 1.008, 2.703, 1.764, 0.000, 2.981, 0.977, 3.430,  0.000, 0.000, 0.328, 0.000, 0.000, 0.000, 0.000, 0.000, 0.000, 0.000, 2.730, 0.000, 2.981, 0.000, 0.000, 0.000, 0.000, 2.730, 0.000, 4.193, 0.000, 0.000, 0.000, 3.430, 0.000, 0.000, 0.000, 0.000, 0.000, 0.000, 2.981, 0.000, 0.000, 0.000, 0.000,  3.886, 0.000, 0.000, 0.000, 0.000, 0.000, 0.000, 0.000, 0.000, 0.000, 0.000, 0.000, 0.000, 0.000, 1.777, 0.000, 0.000, 0.307, 0.000, 3.184, 2.292, 0.315
0.000, 0.000, 0.000, 0.000, 0.000, 0.000, 0.303,  3.433, 0.000, 0.000, 0.000, 0.000, 0.000, 0.000, 0.000, 0.000, 0.000, 0.000, 0.000, 0.000, 0.000, 0.000, 0.000, 2.900, 0.000, 0.000, 0.000,  3.241, 1.599, 0.000, 2.158, 1.532, 3.166, 0.000, 0.935, 2.225, 2.552, 0.000, 2.168, 0.000, 0.613, 2.806, 2.898, 2.716, 0.000, 0.000, 0.000, 4.049, 2.183, 0.294, 0.000, 0.626, 0.000, 2.527, 2.208, 3.058, 0.961, 0.000, 2.208, 3.361, 0.000, 0.000,  0.000, 2.544, 3.217, 1.602, 1.874, 0.811, 0.000, 0.000, 3.535, 2.559, 3.217, 1.557, 0.833, 0.000, 0.000, 2.900, 0.000, 1.520, 1.861, 0.000, 0.000, 0.000
0.000, 0.000, 0.000, 0.000, 0.000, 0.000, 0.000,  5.472, 0.000, 0.328, 0.000, 0.000, 0.000, 0.000, 0.000, 0.000, 0.000, 0.000, 0.000, 0.000, 0.000, 0.000, 0.000, 4.159, 0.000, 0.000, 0.000,  4.501, 1.906, 0.000, 3.643, 2.536, 3.296, 0.434, 1.337, 1.864, 4.561, 0.000, 2.934, 0.000, 0.947, 4.932, 1.869, 2.247, 0.000, 0.000, 0.000, 2.183, 5.769, 0.628, 0.000, 1.302, 0.000, 2.875, 2.556, 4.045, 0.297, 0.000, 2.556, 3.722, 0.000, 0.000,  0.000, 1.884, 3.213, 2.045, 2.688, 0.297, 0.000, 0.000, 3.296, 3.961, 4.394, 1.557, 0.653, 0.000, 0.000, 4.057, 0.000, 1.226, 1.891, 0.000, 0.000, 0.000
0.000, 0.000, 0.000, 0.000, 0.000, 0.000, 0.000,  1.811, 0.000, 0.000, 0.000, 0.000, 0.000, 0.000, 0.000, 0.000, 0.000, 0.000, 0.000, 0.000, 0.000, 0.000, 0.000, 1.857, 0.000, 0.000, 0.000,  1.540, 0.974, 0.000, 0.628, 0.618, 1.847, 0.324, 0.883, 0.618, 1.667, 0.000, 0.294, 0.000, 0.974, 2.180, 0.964, 0.974, 0.000, 0.369, 0.000, 0.294, 0.628, 2.694, 0.000, 0.860, 0.000, 0.663, 0.964, 1.321, 0.000, 0.000, 0.618, 2.180, 0.000, 0.000,  0.000, 0.324, 0.951, 0.964, 1.217, 0.000, 0.000, 0.514, 1.321, 1.321, 2.371, 0.640, 0.334, 0.000, 0.000, 1.297, 0.000, 0.964, 0.618, 0.000, 0.000, 0.000
0.000, 0.000, 0.000, 5.754, 0.000, 0.000, 0.000,  0.000, 4.501, 0.307, 0.000, 4.830, 2.992, 3.783, 5.195, 3.364, 2.419, 6.530, 4.774, 4.560, 1.032, 2.728, 2.037, 0.000, 4.781, 1.330, 6.850,  0.000, 0.000, 0.328, 0.000, 0.000, 0.000, 0.000, 0.000, 0.000, 0.000, 6.872, 0.000, 5.950, 0.000, 0.000, 0.000, 0.000, 6.872, 0.000, 3.430, 0.000, 0.000, 0.000, 7.900, 0.000, 0.000, 0.000, 0.000, 0.000, 0.000, 4.397, 0.000, 0.000, 0.000, 0.000,  6.872, 0.000, 0.000, 0.000, 0.000, 0.000, 0.000, 0.000, 0.000, 0.000, 0.000, 0.000, 0.000, 0.000, 2.490, 0.000, 0.000, 0.307, 0.000, 5.345, 3.543, 1.353
0.000, 0.000, 0.000, 0.000, 0.000, 0.000, 0.000,  3.283, 0.000, 0.657, 0.000, 0.000, 0.000, 0.000, 0.000, 0.000, 0.000, 0.000, 0.000, 0.000, 0.000, 0.000, 0.000, 1.638, 0.000, 0.000, 0.000,  2.931, 0.649, 0.000, 2.960, 2.658, 2.113, 0.000, 0.833, 0.972, 3.629, 0.000, 1.962, 0.000, 0.346, 3.840, 2.958, 1.292, 0.000, 0.000, 0.000, 0.626, 1.302, 0.860, 0.000, 4.143, 0.000, 2.960, 2.982, 2.592, 0.303, 0.000, 2.631, 1.633, 0.000, 0.000,  0.346, 2.585, 1.949, 2.641, 1.950, 0.000, 0.346, 0.514, 2.239, 2.938, 2.466, 0.665, 0.303, 0.000, 0.000, 3.323, 0.000, 2.288, 2.293, 0.000, 0.000, 0.000
0.000, 0.000, 0.000, 0.000, 0.000, 0.000, 0.000,  0.000, 0.000, 0.000, 0.000, 0.000, 0.000, 0.000, 0.000, 0.000, 0.000, 0.000, 0.000, 0.000, 0.000, 0.000, 0.000, 0.000, 0.000, 0.000, 0.000,  0.000, 0.000, 0.000, 0.000, 0.000, 0.000, 0.000, 0.000, 0.000, 0.000, 0.000, 0.000, 0.000, 0.000, 0.000, 0.000, 0.000, 0.000, 0.000, 0.000, 0.000, 0.000, 0.000, 0.000, 0.000, 0.000, 0.000, 0.000, 0.000, 0.000, 0.000, 0.000, 0.000, 0.000, 0.000,  0.000, 0.000, 0.000, 0.000, 0.000, 0.000, 0.000, 0.000, 0.000, 0.000, 0.000, 0.000, 0.000, 0.000, 0.000, 0.000, 0.000, 0.000, 0.000, 0.000, 0.000, 0.000
0.000, 0.000, 0.000, 0.000, 0.000, 0.000, 0.303,  4.908, 0.000, 0.662, 0.000, 0.000, 0.000, 0.000, 0.000, 0.000, 0.000, 0.000, 0.000, 0.000, 0.000, 0.000, 0.000, 4.225, 0.000, 0.000, 0.000,  5.971, 1.228, 0.000, 5.879, 4.574, 3.488, 0.346, 1.304, 1.882, 5.996, 0.000, 3.514, 0.000, 0.613, 5.969, 5.317, 2.191, 0.000, 0.369, 0.000, 2.527, 2.875, 0.663, 0.000, 2.960, 0.000, 7.742, 6.004, 4.227, 1.250, 0.000, 6.341, 3.980, 0.000, 0.000,  1.067, 4.248, 5.317, 4.394, 3.650, 0.297, 0.346, 0.000, 4.186, 5.656, 4.918, 0.910, 0.706, 0.000, 0.000, 5.998, 0.000, 4.288, 3.561, 0.000, 0.000, 0.000
0.000, 0.000, 0.000, 0.000, 0.000, 0.000, 0.303,  5.253, 0.000, 0.986, 0.000, 0.000, 0.000, 0.000, 0.000, 0.000, 0.000, 0.000, 0.000, 0.000, 0.000, 0.000, 0.000, 3.883, 0.000, 0.000, 0.000,  5.601, 1.574, 0.000, 5.232, 4.892, 3.469, 0.669, 0.616, 1.886, 5.972, 0.000, 3.509, 0.000, 0.959, 5.945, 5.260, 2.542, 0.000, 0.000, 0.000, 2.208, 2.556, 0.964, 0.000, 2.982, 0.000, 6.004, 6.997, 3.857, 1.250, 0.000, 5.938, 4.604, 0.000, 0.000,  0.346, 4.247, 5.635, 5.059, 2.634, 0.297, 0.346, 0.000, 3.816, 5.286, 4.576, 0.937, 0.706, 0.000, 0.000, 6.344, 0.000, 4.952, 3.560, 0.000, 0.000, 0.000
0.000, 0.000, 0.000, 0.000, 0.000, 0.000, 0.000,  6.581, 0.000, 0.657, 0.000, 0.000, 0.000, 0.000, 0.000, 0.000, 0.000, 0.000, 0.000, 0.000, 0.000, 0.000, 0.000, 4.409, 0.000, 0.000, 0.000,  7.127, 2.570, 0.000, 4.626, 3.199, 4.919, 1.104, 1.388, 2.229, 6.258, 0.000, 3.910, 0.000, 0.628, 5.552, 4.507, 3.388, 0.000, 0.369, 0.000, 3.058, 4.045, 1.321, 0.000, 2.592, 0.000, 4.227, 3.857, 8.288, 1.307, 0.000, 3.852, 5.916, 0.000, 0.000,  0.000, 4.204, 5.204, 3.675, 3.627, 0.811, 0.000, 0.000, 5.183, 5.642, 4.644, 1.557, 1.470, 0.000, 0.000, 5.702, 0.000, 3.176, 3.203, 0.000, 0.000, 0.000
0.000, 0.000, 0.000, 0.000, 0.000, 0.000, 0.303,  1.313, 0.000, 0.000, 0.000, 0.000, 0.000, 0.000, 0.000, 0.000, 0.000, 0.000, 0.000, 0.000, 0.000, 0.000, 0.000, 1.264, 0.000, 0.000, 0.000,  1.610, 0.961, 0.000, 1.250, 0.904, 1.264, 0.346, 0.297, 0.658, 0.946, 0.000, 0.600, 0.000, 0.000, 0.946, 1.610, 0.607, 0.000, 0.000, 0.000, 0.961, 0.297, 0.000, 0.000, 0.303, 0.000, 1.250, 1.250, 1.307, 1.610, 0.000, 1.250, 1.264, 0.000, 0.000,  0.000, 1.610, 1.610, 0.953, 0.904, 0.297, 0.000, 0.000, 1.264, 0.953, 1.264, 0.297, 0.303, 0.000, 0.000, 1.264, 0.000, 1.250, 0.649, 0.000, 0.000, 0.000
0.000, 0.000, 0.000, 4.198, 0.000, 0.000, 0.000,  0.000, 4.469, 0.307, 0.000, 4.012, 3.737, 4.238, 4.386, 3.421, 2.554, 4.494, 4.012, 3.396, 1.361, 2.639, 1.732, 0.000, 4.499, 1.747, 4.397,  0.000, 0.000, 0.328, 0.000, 0.000, 0.000, 0.000, 0.000, 0.000, 0.000, 4.057, 0.000, 4.372, 0.000, 0.000, 0.000, 0.000, 4.057, 0.000, 2.981, 0.000, 0.000, 0.000, 4.397, 0.000, 0.000, 0.000, 0.000, 0.000, 0.000, 5.623, 0.000, 0.000, 0.000, 0.000,  5.316, 0.000, 0.000, 0.000, 0.000, 0.000, 0.000, 0.000, 0.000, 0.000, 0.000, 0.000, 0.000, 0.000, 1.463, 0.000, 0.000, 0.307, 0.000, 4.197, 2.645, 1.353
0.000, 0.000, 0.000, 0.000, 0.000, 0.000, 0.303,  4.902, 0.000, 0.652, 0.000, 0.000, 0.000, 0.000, 0.000, 0.000, 0.000, 0.000, 0.000, 0.000, 0.000, 0.000, 0.000, 3.537, 0.000, 0.000, 0.000,  5.217, 1.228, 0.000, 4.848, 4.508, 3.123, 0.669, 0.616, 1.886, 5.242, 0.000, 3.504, 0.000, 0.613, 5.594, 5.251, 2.196, 0.000, 0.000, 0.000, 2.208, 2.556, 0.618, 0.000, 2.631, 0.000, 6.341, 5.938, 3.852, 1.250, 0.000, 6.988, 3.879, 0.000, 0.000,  1.067, 4.242, 5.251, 4.328, 2.962, 0.297, 0.346, 0.000, 3.811, 4.902, 3.851, 0.591, 0.706, 0.000, 0.000, 5.614, 0.000, 4.222, 3.889, 0.000, 0.000, 0.000
0.000, 0.000, 0.000, 0.000, 0.000, 0.000, 0.303,  6.413, 0.000, 0.324, 0.000, 0.000, 0.000, 0.000, 0.000, 0.000, 0.000, 0.000, 0.000, 0.000, 0.000, 0.000, 0.000, 5.249, 0.000, 0.000, 0.000,  6.270, 2.916, 0.000, 3.976, 3.215, 4.523, 0.758, 1.388, 2.229, 5.332, 0.000, 3.227, 0.000, 1.293, 5.272, 4.204, 4.037, 0.000, 0.369, 0.000, 3.361, 3.722, 2.180, 0.000, 1.633, 0.000, 3.980, 4.604, 5.916, 1.264, 0.000, 3.879, 8.179, 0.000, 0.000,  0.000, 3.578, 5.600, 4.098, 3.478, 0.811, 0.000, 0.000, 4.501, 4.992, 5.863, 1.584, 1.872, 0.000, 0.000, 6.147, 0.000, 3.598, 2.189, 0.000, 0.000, 0.000
0.000, 0.000, 0.000, 0.000, 0.000, 0.000, 0.000,  0.000, 0.000, 0.000, 0.000, 0.000, 0.000, 0.000, 0.000, 0.000, 0.000, 0.000, 0.000, 0.000, 0.000, 0.000, 0.000, 0.000, 0.000, 0.000, 0.000,  0.000, 0.000, 0.000, 0.000, 0.000, 0.000, 0.000, 0.000, 0.000, 0.000, 0.000, 0.000, 0.000, 0.000, 0.000, 0.000, 0.000, 0.000, 0.000, 0.000, 0.000, 0.000, 0.000, 0.000, 0.000, 0.000, 0.000, 0.000, 0.000, 0.000, 0.000, 0.000, 0.000, 0.000, 0.000,  0.000, 0.000, 0.000, 0.000, 0.000, 0.000, 0.000, 0.000, 0.000, 0.000, 0.000, 0.000, 0.000, 0.000, 0.000, 0.000, 0.000, 0.000, 0.000, 0.000, 0.000, 0.000
0.558, 0.910, 0.000, 0.000, 0.000, 0.558, 0.000,  0.000, 0.000, 0.000, 1.468, 0.000, 0.000, 0.000, 0.000, 0.000, 0.000, 0.000, 0.000, 0.000, 0.000, 0.000, 0.000, 0.000, 0.000, 0.000, 0.000,  0.000, 0.000, 0.000, 0.000, 0.000, 0.000, 0.558, 0.000, 0.000, 0.000, 0.000, 0.000, 0.000, 0.000, 0.000, 0.000, 0.000, 0.000, 0.000, 0.000, 0.000, 0.000, 0.000, 0.000, 0.000, 0.000, 0.000, 0.000, 0.000, 0.000, 0.000, 0.000, 0.000, 0.000, 1.468,  0.000, 0.000, 0.000, 0.000, 0.000, 0.000, 0.000, 0.000, 0.000, 0.000, 0.000, 0.000, 0.000, 0.558, 0.000, 0.000, 0.000, 0.000, 0.000, 0.000, 0.000, 0.000
0.000, 0.000, 0.000, 6.659, 0.000, 0.000, 0.000,  0.346, 4.940, 0.000, 0.000, 5.254, 3.430, 5.539, 6.054, 3.909, 3.412, 7.806, 5.198, 5.433, 1.361, 2.749, 2.581, 0.000, 5.686, 1.747, 7.274,  0.346, 0.000, 0.328, 0.346, 0.346, 0.000, 0.000, 0.000, 0.000, 0.346, 6.172, 0.000, 5.250, 0.000, 0.346, 1.067, 0.000, 6.172, 0.000, 3.886, 0.000, 0.000, 0.000, 6.872, 0.346, 0.000, 1.067, 0.346, 0.000, 0.000, 5.316, 1.067, 0.000, 0.000, 0.000, 10.002, 0.000, 0.000, 0.346, 0.346, 0.000, 0.346, 0.000, 0.000, 0.346, 0.000, 0.000, 0.000, 0.000, 3.501, 0.346, 0.000, 0.000, 0.346, 6.685, 3.564, 1.353
0.000, 0.000, 0.000, 0.000, 0.000, 0.000, 0.303,  4.210, 0.000, 0.657, 0.000, 0.000, 0.000, 0.000, 0.000, 0.000, 0.000, 0.000, 0.000, 0.000, 0.000, 0.000, 0.000, 3.210, 0.000, 0.000, 0.000,  5.172, 1.280, 0.000, 3.845, 3.520, 3.494, 0.669, 0.935, 2.272, 4.189, 0.000, 3.200, 0.000, 0.319, 4.910, 4.534, 2.206, 0.000, 0.000, 0.000, 2.544, 1.884, 0.324, 0.000, 2.585, 0.000, 4.248, 4.247, 4.204, 1.610, 0.000, 4.242, 3.578, 0.000, 0.000,  0.000, 5.574, 4.586, 2.971, 2.925, 0.297, 0.000, 0.000, 4.480, 3.849, 2.852, 0.935, 1.025, 0.000, 0.000, 4.921, 0.000, 3.933, 3.558, 0.000, 0.000, 0.000
0.000, 0.000, 0.000, 0.000, 0.000, 0.000, 0.303,  5.908, 0.000, 0.986, 0.000, 0.000, 0.000, 0.000, 0.000, 0.000, 0.000, 0.000, 0.000, 0.000, 0.000, 0.000, 0.000, 3.881, 0.000, 0.000, 0.000,  6.256, 2.570, 0.000, 4.879, 4.205, 3.808, 0.669, 0.616, 2.229, 5.920, 0.000, 3.816, 0.000, 0.947, 5.893, 5.235, 3.177, 0.000, 0.000, 0.000, 3.217, 3.213, 0.951, 0.000, 1.949, 0.000, 5.317, 5.635, 5.204, 1.610, 0.000, 5.251, 5.600, 0.000, 0.000,  0.000, 4.586, 7.306, 5.024, 3.251, 0.297, 0.000, 0.000, 5.163, 5.927, 4.929, 1.238, 1.359, 0.000, 0.000, 6.324, 0.000, 4.589, 3.192, 0.000, 0.000, 0.000
0.000, 0.000, 0.000, 0.000, 0.000, 0.000, 0.303,  5.368, 0.000, 0.986, 0.000, 0.000, 0.000, 0.000, 0.000, 0.000, 0.000, 0.000, 0.000, 0.000, 0.000, 0.000, 0.000, 2.379, 0.000, 0.000, 0.000,  4.754, 1.272, 0.000, 4.057, 3.616, 2.206, 1.104, 0.000, 1.253, 5.010, 0.000, 2.547, 0.000, 0.640, 4.664, 4.632, 1.899, 0.000, 0.000, 0.000, 1.602, 2.045, 0.964, 0.000, 2.641, 0.000, 4.394, 5.059, 3.675, 0.953, 0.000, 4.328, 4.098, 0.000, 0.000,  0.346, 2.971, 5.024, 6.150, 2.648, 0.000, 0.346, 0.000, 3.215, 4.967, 3.312, 0.968, 0.706, 0.000, 0.000, 5.168, 0.000, 4.319, 2.900, 0.000, 0.000, 0.000
0.000, 0.000, 0.000, 0.000, 0.000, 0.000, 0.303,  4.186, 0.000, 0.328, 0.000, 0.000, 0.000, 0.000, 0.000, 0.000, 0.000, 0.000, 0.000, 0.000, 0.000, 0.000, 0.000, 3.888, 0.000, 0.000, 0.000,  6.433, 1.582, 0.000, 3.726, 2.253, 4.237, 0.000, 0.985, 1.597, 3.926, 0.000, 2.558, 0.000, 0.334, 4.783, 2.879, 2.421, 0.000, 0.369, 0.000, 1.874, 2.688, 1.217, 0.000, 1.950, 0.000, 3.650, 2.634, 3.627, 0.904, 0.000, 2.962, 3.478, 0.000, 0.000,  0.346, 2.925, 3.251, 2.648, 6.836, 0.297, 0.346, 0.000, 3.664, 3.586, 3.859, 1.777, 1.872, 0.000, 0.000, 3.627, 0.000, 2.616, 2.597, 0.000, 0.000, 0.000
