1.000, 0.000, 0.000, 1.000, 0.000, 0.000, 0.000, 0.000, 0.500, 0.000, 0.000, 0.000, 0.000, 0.000, 0.000, 0.000, 0.000, 0.000, 0.000, 0.000, 0.000, 0.000, 0.000, 0.000, 0.000, 0.000, 0.000, 0.000, 0.000, 0.000, 0.000, 0.200, 0.000, 0.000, 0.000, 0.000, 0.000, 0.000, 0.000, 0.000, 0.000, 0.000, 0.000, 0.000, 0.000, 0.000, 0.000, 0.000, 0.000, 0.000, 0.000, 0.000, 0.000, 0.000, 0.000, 0.000, 0.000, 0.500, 0.000, 0.000, 0.000, 0.000, 0.000, 0.000, 0.000, 0.000, 0.000, 0.000, 0.000, 0.000, 0.000, 0.333, 0.000, 0.000, 0.000, 0.000, 0.000, 0.000, 0.000
0.000, 1.000, 0.000, 0.000, 0.000, 0.000, 0.000, 0.000, 0.143, 0.000, 0.000, 0.000, 0.000, 0.000, 0.000, 0.000, 0.000, 0.000, 0.000, 0.000, 0.000, 0.000, 0.000, 0.000, 0.000, 0.000, 0.000, 0.000, 0.037, 0.043, 0.000, 0.000, 0.000, 0.067, 0.000, 0.000, 0.000, 0.000, 0.000, 0.000, 0.000, 0.000, 0.000, 0.143, 0.000, 0.000, 0.000, 0.000, 0.000, 0.000, 0.000, 0.000, 0.000, 0.000, 0.000, 0.000, 0.000, 0.143, 0.000, 0.000, 0.000, 0.000, 0.000, 0.000, 0.000, 0.000, 0.000, 0.000, 0.000, 0.000, 0.000, 0.286, 0.000, 0.000, 0.000, 0.000, 0.000, 0.000, 0.000
0.000, 0.000, 1.000, 0.000, 0.000, 0.000, 0.385, 0.042, 0.000, 0.520, 0.280, 0.542, 0.538, 0.375, 0.409, 0.607, 0.520, 0.423, 0.087, 0.200, 0.208, 0.000, 0.560, 0.130, 0.680, 0.000, 0.000, 0.000, 0.000, 0.000, 0.000, 0.000, 0.000, 0.000, 0.000, 0.667, 0.000, 0.520, 0.000, 0.000, 0.000, 0.000, 0.667, 0.000, 0.269, 0.000, 0.000, 0.000, 0.615, 0.000, 0.000, 0.000, 0.000, 0.000, 0.480, 0.000, 0.000, 0.000, 0.621, 0.000, 0.000, 0.000, 0.000, 0.000, 0.000, 0.000, 0.000, 0.000, 0.000, 0.000, 0.000, 0.000, 0.455, 0.000, 0.026, 0.000, 0.577, 0.391, 0.190
1.000, 0.000, 0.000, 1.000, 0.000, 0.000, 0.000, 0.000, 0.500, 0.000, 0.000, 0.000, 0.000, 0.000, 0.000, 0.000, 0.000, 0.000, 0.000, 0.000, 0.000, 0.000, 0.000, 0.000, 0.000, 0.000, 0.000, 0.000, 0.000, 0.000, 0.000, 0.200, 0.000, 0.000, 0.000, 0.000, 0.000, 0.000, 0.000, 0.000, 0.000, 0.000, 0.000, 0.000, 0.000, 0.000, 0.000, 0.000, 0.000, 0.000, 0.000, 0.000, 0.000, 0.000, 0.000, 0.000, 0.000, 0.500, 0.000, 0.000, 0.000, 0.000, 0.000, 0.000, 0.000, 0.000, 0.000, 0.000, 0.000, 0.000, 0.000, 0.333, 0.000, 0.000, 0.000, 0.000, 0.000, 0.000, 0.000
0.000, 0.000, 0.000, 0.000, 1.000, 0.034, 0.000, 0.000, 0.000, 0.000, 0.000, 0.000, 0.000, 0.000, 0.000, 0.000, 0.000, 0.000, 0.000, 0.000, 0.000, 0.048, 0.000, 0.000, 0.000, 0.033, 0.000, 0.000, 0.045, 0.056, 0.050, 0.000, 0.000, 0.000, 0.000, 0.000, 0.067, 0.000, 0.000, 0.037, 0.048, 0.067, 0.000, 0.000, 0.000, 0.083, 0.000, 0.000, 0.000, 0.000, 0.045, 0.048, 0.000, 0.200, 0.000, 0.050, 0.043, 0.000, 0.000, 0.059, 0.045, 0.056, 0.056, 0.000, 0.000, 0.000, 0.050, 0.043, 0.043, 0.000, 0.000, 0.000, 0.000, 0.038, 0.056, 0.071, 0.000, 0.000, 0.000
0.000, 0.000, 0.000, 0.000, 0.034, 1.000, 0.000, 0.100, 0.000, 0.000, 0.000, 0.000, 0.000, 0.000, 0.000, 0.000, 0.000, 0.000, 0.000, 0.000, 0.000, 0.515, 0.000, 0.000, 0.000, 0.639, 0.267, 0.000, 0.457, 0.382, 0.400, 0.097, 0.125, 0.219, 0.600, 0.000, 0.375, 0.000, 0.138, 0.600, 0.471, 0.375, 0.000, 0.000, 0.000, 0.323, 0.500, 0.161, 0.000, 0.323, 0.417, 0.471, 0.576, 0.133, 0.000, 0.441, 0.529, 0.000, 0.019, 0.394, 0.545, 0.516, 0.343, 0.033, 0.034, 0.000, 0.531, 0.677, 0.529, 0.161, 0.125, 0.000, 0.000, 0.618, 0.306, 0.387, 0.000, 0.000, 0.000
0.000, 0.000, 0.385, 0.000, 0.000, 0.000, 1.000, 0.056, 0.000, 0.524, 0.529, 0.409, 0.619, 0.500, 0.250, 0.560, 0.524, 0.476, 0.267, 0.600, 0.278, 0.000, 0.500, 0.250, 0.565, 0.000, 0.000, 0.067, 0.000, 0.000, 0.000, 0.000, 0.000, 0.000, 0.000, 0.478, 0.000, 0.524, 0.000, 0.000, 0.000, 0.000, 0.478, 0.000, 0.588, 0.000, 0.000, 0.000, 0.565, 0.000, 0.000, 0.000, 0.000, 0.000, 0.722, 0.000, 0.000, 0.000, 0.519, 0.000, 0.000, 0.000, 0.000, 0.000, 0.000, 0.000, 0.000, 0.000, 0.000, 0.000, 0.000, 0.000, 0.182, 0.000, 0.031, 0.000, 0.522, 0.368, 0.188
0.000, 0.000, 0.042, 0.000, 0.000, 0.100, 0.056, 1.000, 0.000, 0.050, 0.071, 0.053, 0.045, 0.067, 0.077, 0.037, 0.050, 0.053, 0.000, 0.083, 0.091, 0.042, 0.048, 0.000, 0.042, 0.097, 0.000, 0.000, 0.083, 0.158, 0.000, 0.000, 0.000, 0.000, 0.107, 0.045, 0.188, 0.050, 0.000, 0.107, 0.087, 0.056, 0.045, 0.000, 0.067, 0.000, 0.053, 0.000, 0.042, 0.143, 0.083, 0.136, 0.080, 0.000, 0.053, 0.091, 0.038, 0.000, 0.000, 0.105, 0.130, 0.158, 0.048, 0.000, 0.000, 0.000, 0.091, 0.125, 0.038, 0.000, 0.000, 0.000, 0.071, 0.111, 0.222, 0.125, 0.043, 0.071, 0.000
0.500, 0.143, 0.000, 0.500, 0.000, 0.000, 0.000, 0.000, 1.000, 0.000, 0.000, 0.000, 0.000, 0.000, 0.000, 0.000, 0.000, 0.000, 0.000, 0.000, 0.000, 0.000, 0.000, 0.000, 0.000, 0.000, 0.000, 0.000, 0.000, 0.000, 0.000, 0.167, 0.000, 0.000, 0.000, 0.000, 0.000, 0.000, 0.000, 0.000, 0.000, 0.000, 0.000, 0.000, 0.000, 0.000, 0.000, 0.000, 0.000, 0.000, 0.000, 0.000, 0.000, 0.000, 0.000, 0.000, 0.000, 1.000, 0.000, 0.000, 0.000, 0.000, 0.000, 0.000, 0.000, 0.000, 0.000, 0.000, 0.000, 0.000, 0.000, 0.250, 0.000, 0.000, 0.000, 0.000, 0.000, 0.000, 0.000
0.000, 0.000, 0.520, 0.000, 0.000, 0.000, 0.524, 0.050, 0.000, 1.000, 0.474, 0.500, 0.565, 0.381, 0.227, 0.577, 0.700, 0.500, 0.235, 0.529, 0.250, 0.000, 0.667, 0.158, 0.652, 0.000, 0.000, 0.059, 0.000, 0.000, 0.000, 0.000, 0.000, 0.000, 0.000, 0.565, 0.000, 0.619, 0.000, 0.000, 0.000, 0.000, 0.565, 0.000, 0.450, 0.000, 0.000, 0.000, 0.583, 0.000, 0.000, 0.000, 0.000, 0.000, 0.571, 0.000, 0.000, 0.000, 0.536, 0.000, 0.000, 0.000, 0.000, 0.000, 0.000, 0.000, 0.000, 0.000, 0.000, 0.000, 0.000, 0.000, 0.273, 0.000, 0.029, 0.000, 0.609, 0.400, 0.235
0.000, 0.000, 0.280, 0.000, 0.000, 0.000, 0.529, 0.071, 0.000, 0.474, 1.000, 0.500, 0.429, 0.438, 0.400, 0.346, 0.474, 0.500, 0.250, 0.538, 0.267, 0.000, 0.450, 0.333, 0.391, 0.000, 0.000, 0.091, 0.000, 0.000, 0.000, 0.000, 0.000, 0.000, 0.000, 0.364, 0.000, 0.556, 0.000, 0.000, 0.000, 0.000, 0.364, 0.000, 0.643, 0.000, 0.000, 0.000, 0.391, 0.000, 0.000, 0.000, 0.000, 0.000, 0.688, 0.000, 0.000, 0.000, 0.370, 0.000, 0.000, 0.000, 0.000, 0.000, 0.000, 0.000, 0.000, 0.000, 0.000, 0.000, 0.000, 0.000, 0.158, 0.000, 0.036, 0.000, 0.292, 0.467, 0.154
0.000, 0.000, 0.542, 0.000, 0.000, 0.000, 0.409, 0.053, 0.000, 0.500, 0.500, 1.000, 0.458, 0.556, 0.529, 0.481, 0.435, 0.455, 0.053, 0.250, 0.333, 0.000, 0.478, 0.235, 0.480, 0.000, 0.000, 0.062, 0.000, 0.000, 0.000, 0.000, 0.000, 0.000, 0.000, 0.458, 0.000, 0.500, 0.000, 0.000, 0.000, 0.000, 0.458, 0.000, 0.400, 0.000, 0.000, 0.000, 0.423, 0.000, 0.000, 0.000, 0.000, 0.000, 0.600, 0.000, 0.000, 0.000, 0.556, 0.000, 0.000, 0.000, 0.000, 0.000, 0.000, 0.000, 0.000, 0.000, 0.000, 0.000, 0.000, 0.000, 0.350, 0.000, 0.030, 0.000, 0.440, 0.350, 0.250
0.000, 0.000, 0.538, 0.000, 0.000, 0.000, 0.619, 0.045, 0.000, 0.565, 0.429, 0.458, 1.000, 0.476, 0.261, 0.654, 0.714, 0.522, 0.211, 0.400, 0.350, 0.000, 0.682, 0.200, 0.667, 0.000, 0.000, 0.053, 0.000, 0.000, 0.000, 0.000, 0.000, 0.000, 0.000, 0.520, 0.000, 0.565, 0.000, 0.000, 0.000, 0.000, 0.520, 0.000, 0.550, 0.000, 0.000, 0.000, 0.600, 0.000, 0.000, 0.000, 0.000, 0.000, 0.591, 0.000, 0.000, 0.000, 0.607, 0.000, 0.000, 0.000, 0.000, 0.000, 0.000, 0.000, 0.000, 0.000, 0.000, 0.000, 0.000, 0.000, 0.364, 0.000, 0.028, 0.000, 0.625, 0.364, 0.150
0.000, 0.000, 0.375, 0.000, 0.000, 0.000, 0.500, 0.067, 0.000, 0.381, 0.438, 0.556, 0.476, 1.000, 0.375, 0.385, 0.450, 0.400, 0.000, 0.235, 0.538, 0.000, 0.429, 0.417, 0.375, 0.000, 0.000, 0.083, 0.000, 0.000, 0.000, 0.000, 0.000, 0.000, 0.000, 0.348, 0.000, 0.450, 0.000, 0.000, 0.000, 0.000, 0.348, 0.000, 0.412, 0.000, 0.000, 0.000, 0.435, 0.000, 0.000, 0.000, 0.000, 0.000, 0.556, 0.000, 0.000, 0.000, 0.407, 0.000, 0.000, 0.000, 0.000, 0.000, 0.000, 0.000, 0.000, 0.000, 0.000, 0.000, 0.000, 0.000, 0.211, 0.000, 0.034, 0.000, 0.391, 0.278, 0.333
0.000, 0.000, 0.409, 0.000, 0.000, 0.000, 0.250, 0.077, 0.000, 0.227, 0.400, 0.529, 0.261, 0.375, 1.000, 0.259, 0.286, 0.300, 0.000, 0.118, 0.286, 0.000, 0.333, 0.250, 0.348, 0.000, 0.000, 0.000, 0.000, 0.000, 0.000, 0.000, 0.000, 0.000, 0.000, 0.261, 0.000, 0.227, 0.000, 0.000, 0.000, 0.000, 0.261, 0.000, 0.294, 0.000, 0.000, 0.000, 0.292, 0.000, 0.000, 0.000, 0.000, 0.000, 0.368, 0.000, 0.000, 0.000, 0.333, 0.000, 0.000, 0.000, 0.000, 0.000, 0.000, 0.000, 0.000, 0.000, 0.000, 0.000, 0.000, 0.000, 0.400, 0.000, 0.037, 0.000, 0.250, 0.235, 0.167
0.000, 0.000, 0.607, 0.000, 0.000, 0.000, 0.560, 0.037, 0.000, 0.577, 0.346, 0.481, 0.654, 0.385, 0.259, 1.000, 0.577, 0.600, 0.167, 0.320, 0.280, 0.000, 0.556, 0.115, 0.731, 0.000, 0.000, 0.042, 0.000, 0.000, 0.000, 0.000, 0.000, 0.000, 0.000, 0.593, 0.000, 0.519, 0.000, 0.000, 0.000, 0.000, 0.593, 0.000, 0.385, 0.000, 0.000, 0.000, 0.667, 0.000, 0.000, 0.000, 0.000, 0.000, 0.481, 0.000, 0.000, 0.000, 0.724, 0.000, 0.000, 0.000, 0.000, 0.000, 0.000, 0.000, 0.000, 0.000, 0.000, 0.000, 0.000, 0.000, 0.346, 0.000, 0.024, 0.000, 0.760, 0.346, 0.120
0.000, 0.000, 0.520, 0.000, 0.000, 0.000, 0.524, 0.050, 0.000, 0.700, 0.474, 0.435, 0.714, 0.450, 0.286, 0.577, 1.000, 0.571, 0.235, 0.444, 0.316, 0.000, 0.842, 0.222, 0.652, 0.000, 0.000, 0.059, 0.000, 0.000, 0.000, 0.000, 0.000, 0.000, 0.000, 0.500, 0.000, 0.619, 0.000, 0.000, 0.000, 0.000, 0.500, 0.000, 0.450, 0.000, 0.000, 0.000, 0.583, 0.000, 0.000, 0.000, 0.000, 0.000, 0.571, 0.000, 0.000, 0.000, 0.536, 0.000, 0.000, 0.000, 0.000, 0.000, 0.000, 0.000, 0.000, 0.000, 0.000, 0.000, 0.000, 0.000, 0.273, 0.000, 0.029, 0.000, 0.542, 0.474, 0.167
0.000, 0.000, 0.423, 0.000, 0.000, 0.000, 0.476, 0.053, 0.000, 0.500, 0.500, 0.455, 0.522, 0.400, 0.300, 0.600, 0.571, 1.000, 0.250, 0.471, 0.333, 0.000, 0.545, 0.167, 0.542, 0.000, 0.000, 0.062, 0.000, 0.000, 0.000, 0.000, 0.000, 0.000, 0.000, 0.458, 0.000, 0.435, 0.000, 0.000, 0.000, 0.000, 0.458, 0.000, 0.474, 0.000, 0.000, 0.000, 0.542, 0.000, 0.000, 0.000, 0.000, 0.000, 0.455, 0.000, 0.000, 0.000, 0.556, 0.000, 0.000, 0.000, 0.000, 0.000, 0.000, 0.000, 0.000, 0.000, 0.000, 0.000, 0.000, 0.000, 0.350, 0.000, 0.030, 0.000, 0.565, 0.421, 0.111
0.000, 0.000, 0.087, 0.000, 0.000, 0.000, 0.267, 0.000, 0.000, 0.235, 0.250, 0.053, 0.211, 0.000, 0.000, 0.167, 0.235, 0.250, 1.000, 0.444, 0.000, 0.000, 0.222, 0.000, 0.190, 0.000, 0.000, 0.000, 0.000, 0.000, 0.000, 0.000, 0.000, 0.000, 0.000, 0.150, 0.000, 0.167, 0.000, 0.000, 0.000, 0.000, 0.150, 0.000, 0.231, 0.000, 0.000, 0.000, 0.136, 0.000, 0.000, 0.000, 0.000, 0.000, 0.250, 0.000, 0.000, 0.000, 0.154, 0.000, 0.000, 0.000, 0.000, 0.000, 0.000, 0.000, 0.000, 0.000, 0.000, 0.000, 0.000, 0.000, 0.000, 0.000, 0.000, 0.000, 0.200, 0.250, 0.000
0.000, 0.000, 0.200, 0.000, 0.000, 0.000, 0.600, 0.083, 0.000, 0.529, 0.538, 0.250, 0.400, 0.235, 0.118, 0.320, 0.444, 0.471, 0.444, 1.000, 0.133, 0.000, 0.421, 0.167, 0.364, 0.000, 0.000, 0.111, 0.000, 0.000, 0.000, 0.000, 0.000, 0.000, 0.000, 0.333, 0.000, 0.368, 0.000, 0.000, 0.000, 0.000, 0.333, 0.000, 0.615, 0.000, 0.000, 0.000, 0.364, 0.000, 0.000, 0.000, 0.000, 0.000, 0.471, 0.000, 0.000, 0.000, 0.296, 0.000, 0.000, 0.000, 0.000, 0.000, 0.000, 0.000, 0.000, 0.000, 0.000, 0.000, 0.000, 0.000, 0.111, 0.000, 0.038, 0.000, 0.381, 0.429, 0.083
0.000, 0.000, 0.208, 0.000, 0.000, 0.000, 0.278, 0.091, 0.000, 0.250, 0.267, 0.333, 0.350, 0.538, 0.286, 0.280, 0.316, 0.333, 0.000, 0.133, 1.000, 0.000, 0.238, 0.300, 0.261, 0.000, 0.000, 0.125, 0.000, 0.000, 0.000, 0.000, 0.000, 0.000, 0.000, 0.174, 0.000, 0.250, 0.000, 0.000, 0.000, 0.000, 0.174, 0.000, 0.333, 0.000, 0.000, 0.000, 0.261, 0.000, 0.000, 0.000, 0.000, 0.000, 0.263, 0.000, 0.000, 0.000, 0.259, 0.000, 0.000, 0.000, 0.000, 0.000, 0.000, 0.000, 0.000, 0.000, 0.000, 0.000, 0.000, 0.000, 0.267, 0.000, 0.040, 0.000, 0.273, 0.118, 0.091
0.000, 0.000, 0.000, 0.000, 0.048, 0.515, 0.000, 0.042, 0.000, 0.000, 0.000, 0.000, 0.000, 0.000, 0.000, 0.000, 0.000, 0.000, 0.000, 0.000, 0.000, 1.000, 0.000, 0.000, 0.000, 0.594, 0.364, 0.000, 0.433, 0.300, 0.519, 0.040, 0.217, 0.240, 0.455, 0.000, 0.385, 0.000, 0.190, 0.455, 0.355, 0.385, 0.000, 0.045, 0.000, 0.375, 0.480, 0.217, 0.000, 0.179, 0.433, 0.400, 0.419, 0.182, 0.000, 0.367, 0.517, 0.000, 0.000, 0.357, 0.387, 0.219, 0.393, 0.045, 0.000, 0.000, 0.519, 0.419, 0.692, 0.217, 0.120, 0.000, 0.000, 0.621, 0.258, 0.296, 0.000, 0.000, 0.000
0.000, 0.000, 0.560, 0.000, 0.000, 0.000, 0.500, 0.048, 0.000, 0.667, 0.450, 0.478, 0.682, 0.429, 0.333, 0.556, 0.842, 0.545, 0.222, 0.421, 0.238, 0.000, 1.000, 0.211, 0.625, 0.000, 0.000, 0.056, 0.000, 0.000, 0.000, 0.000, 0.000, 0.000, 0.000, 0.480, 0.000, 0.591, 0.000, 0.000, 0.000, 0.000, 0.480, 0.000, 0.429, 0.000, 0.000, 0.000, 0.560, 0.000, 0.000, 0.000, 0.000, 0.000, 0.619, 0.000, 0.000, 0.000, 0.571, 0.000, 0.000, 0.000, 0.000, 0.000, 0.000, 0.000, 0.000, 0.000, 0.000, 0.000, 0.000, 0.000, 0.318, 0.000, 0.029, 0.000, 0.583, 0.450, 0.158
0.000, 0.000, 0.130, 0.000, 0.000, 0.000, 0.250, 0.000, 0.000, 0.158, 0.333, 0.235, 0.200, 0.417, 0.250, 0.115, 0.222, 0.167, 0.000, 0.167, 0.300, 0.000, 0.211, 1.000, 0.182, 0.000, 0.000, 0.200, 0.000, 0.000, 0.000, 0.000, 0.000, 0.000, 0.000, 0.143, 0.000, 0.222, 0.000, 0.000, 0.000, 0.000, 0.143, 0.000, 0.214, 0.000, 0.000, 0.000, 0.182, 0.000, 0.000, 0.000, 0.000, 0.000, 0.312, 0.000, 0.000, 0.000, 0.192, 0.000, 0.000, 0.000, 0.000, 0.000, 0.000, 0.000, 0.000, 0.000, 0.000, 0.000, 0.000, 0.000, 0.067, 0.000, 0.000, 0.000, 0.087, 0.231, 0.125
0.000, 0.000, 0.680, 0.000, 0.000, 0.000, 0.565, 0.042, 0.000, 0.652, 0.391, 0.480, 0.667, 0.375, 0.348, 0.731, 0.652, 0.542, 0.190, 0.364, 0.261, 0.000, 0.625, 0.182, 1.000, 0.000, 0.000, 0.048, 0.000, 0.000, 0.000, 0.000, 0.000, 0.000, 0.000, 0.739, 0.000, 0.652, 0.000, 0.000, 0.000, 0.000, 0.739, 0.000, 0.435, 0.000, 0.000, 0.000, 0.826, 0.000, 0.000, 0.000, 0.000, 0.000, 0.542, 0.000, 0.000, 0.000, 0.741, 0.000, 0.000, 0.000, 0.000, 0.000, 0.000, 0.000, 0.000, 0.000, 0.000, 0.000, 0.000, 0.000, 0.333, 0.000, 0.026, 0.000, 0.640, 0.455, 0.190
0.000, 0.000, 0.000, 0.000, 0.033, 0.639, 0.000, 0.097, 0.000, 0.000, 0.000, 0.000, 0.000, 0.000, 0.000, 0.000, 0.000, 0.000, 0.000, 0.000, 0.000, 0.594, 0.000, 0.000, 0.000, 1.000, 0.219, 0.000, 0.576, 0.412, 0.515, 0.094, 0.156, 0.250, 0.629, 0.000, 0.452, 0.000, 0.062, 0.583, 0.545, 0.324, 0.000, 0.032, 0.000, 0.312, 0.394, 0.121, 0.000, 0.273, 0.529, 0.500, 0.606, 0.167, 0.000, 0.471, 0.514, 0.000, 0.018, 0.516, 0.576, 0.412, 0.548, 0.032, 0.033, 0.000, 0.613, 0.656, 0.559, 0.156, 0.121, 0.000, 0.000, 0.647, 0.371, 0.419, 0.000, 0.000, 0.000
0.000, 0.000, 0.000, 0.000, 0.000, 0.267, 0.000, 0.000, 0.000, 0.000, 0.000, 0.000, 0.000, 0.000, 0.000, 0.000, 0.000, 0.000, 0.000, 0.000, 0.000, 0.364, 0.000, 0.000, 0.000, 0.219, 1.000, 0.000, 0.192, 0.125, 0.381, 0.000, 0.067, 0.267, 0.286, 0.000, 0.263, 0.000, 0.300, 0.241, 0.304, 0.412, 0.000, 0.000, 0.000, 0.312, 0.316, 0.231, 0.000, 0.105, 0.148, 0.200, 0.333, 0.273, 0.000, 0.160, 0.391, 0.000, 0.000, 0.182, 0.348, 0.174, 0.227, 0.100, 0.000, 0.000, 0.318, 0.231, 0.333, 0.455, 0.231, 0.000, 0.000, 0.296, 0.174, 0.095, 0.000, 0.000, 0.000
0.000, 0.000, 0.000, 0.000, 0.000, 0.000, 0.067, 0.000, 0.000, 0.059, 0.091, 0.062, 0.053, 0.083, 0.000, 0.042, 0.059, 0.062, 0.000, 0.111, 0.125, 0.000, 0.056, 0.200, 0.048, 0.000, 0.000, 1.000, 0.000, 0.000, 0.000, 0.000, 0.000, 0.000, 0.000, 0.000, 0.000, 0.059, 0.000, 0.000, 0.000, 0.000, 0.000, 0.000, 0.083, 0.000, 0.000, 0.000, 0.048, 0.000, 0.000, 0.000, 0.000, 0.000, 0.062, 0.000, 0.000, 0.000, 0.038, 0.000, 0.000, 0.000, 0.000, 0.000, 0.000, 0.000, 0.000, 0.000, 0.000, 0.000, 0.000, 0.000, 0.000, 0.000, 0.000, 0.000, 0.050, 0.000, 0.000
0.000, 0.037, 0.000, 0.000, 0.045, 0.457, 0.000, 0.083, 0.000, 0.000, 0.000, 0.000, 0.000, 0.000, 0.000, 0.000, 0.000, 0.000, 0.000, 0.000, 0.000, 0.433, 0.000, 0.000, 0.000, 0.576, 0.192, 0.000, 1.000, 0.600, 0.355, 0.080, 0.115, 0.280, 0.531, 0.000, 0.423, 0.000, 0.130, 0.531, 0.433, 0.321, 0.000, 0.043, 0.000, 0.259, 0.407, 0.074, 0.000, 0.360, 0.692, 0.593, 0.452, 0.174, 0.000, 0.556, 0.364, 0.000, 0.021, 0.444, 0.517, 0.429, 0.379, 0.043, 0.045, 0.000, 0.400, 0.552, 0.452, 0.160, 0.115, 0.000, 0.000, 0.600, 0.429, 0.440, 0.000, 0.000, 0.000
0.000, 0.043, 0.000, 0.000, 0.056, 0.382, 0.000, 0.158, 0.000, 0.000, 0.000, 0.000, 0.000, 0.000, 0.000, 0.000, 0.000, 0.000, 0.000, 0.000, 0.000, 0.300, 0.000, 0.000, 0.000, 0.412, 0.125, 0.000, 0.600, 1.000, 0.267, 0.045, 0.087, 0.273, 0.500, 0.000, 0.435, 0.000, 0.100, 0.500, 0.500, 0.222, 0.000, 0.053, 0.000, 0.200, 0.259, 0.087, 0.000, 0.364, 0.538, 0.625, 0.323, 0.150, 0.000, 0.583, 0.323, 0.000, 0.023, 0.458, 0.481, 0.440, 0.241, 0.053, 0.056, 0.000, 0.407, 0.464, 0.323, 0.087, 0.042, 0.000, 0.000, 0.571, 0.500, 0.455, 0.000, 0.000, 0.000
0.000, 0.000, 0.000, 0.000, 0.050, 0.400, 0.000, 0.000, 0.000, 0.000, 0.000, 0.000, 0.000, 0.000, 0.000, 0.000, 0.000, 0.000, 0.000, 0.000, 0.000, 0.519, 0.000, 0.000, 0.000, 0.515, 0.381, 0.000, 0.355, 0.267, 1.000, 0.042, 0.227, 0.364, 0.382, 0.000, 0.346, 0.000, 0.143, 0.516, 0.414, 0.458, 0.000, 0.048, 0.000, 0.455, 0.385, 0.227, 0.000, 0.231, 0.355, 0.367, 0.483, 0.190, 0.000, 0.333, 0.483, 0.000, 0.000, 0.423, 0.400, 0.226, 0.407, 0.048, 0.000, 0.050, 0.600, 0.387, 0.593, 0.350, 0.125, 0.000, 0.000, 0.394, 0.267, 0.308, 0.000, 0.000, 0.000
0.200, 0.000, 0.000, 0.200, 0.000, 0.097, 0.000, 0.000, 0.167, 0.000, 0.000, 0.000, 0.000, 0.000, 0.000, 0.000, 0.000, 0.000, 0.000, 0.000, 0.000, 0.040, 0.000, 0.000, 0.000, 0.094, 0.000, 0.000, 0.080, 0.045, 0.042, 1.000, 0.000, 0.071, 0.067, 0.000, 0.000, 0.000, 0.000, 0.067, 0.083, 0.053, 0.000, 0.000, 0.000, 0.000, 0.050, 0.091, 0.000, 0.000, 0.038, 0.083, 0.120, 0.111, 0.000, 0.087, 0.077, 0.167, 0.000, 0.100, 0.080, 0.150, 0.000, 0.000, 0.000, 0.000, 0.042, 0.077, 0.000, 0.000, 0.000, 0.143, 0.000, 0.069, 0.095, 0.118, 0.000, 0.000, 0.000
0.000, 0.000, 0.000, 0.000, 0.000, 0.125, 0.000, 0.000, 0.000, 0.000, 0.000, 0.000, 0.000, 0.000, 0.000, 0.000, 0.000, 0.000, 0.000, 0.000, 0.000, 0.217, 0.000, 0.000, 0.000, 0.156, 0.067, 0.000, 0.115, 0.087, 0.227, 0.000, 1.000, 0.214, 0.133, 0.000, 0.100, 0.000, 0.100, 0.172, 0.037, 0.100, 0.000, 0.125, 0.000, 0.188, 0.211, 0.167, 0.000, 0.118, 0.160, 0.077, 0.154, 0.091, 0.000, 0.080, 0.154, 0.000, 0.000, 0.143, 0.074, 0.000, 0.136, 0.125, 0.000, 0.143, 0.174, 0.154, 0.250, 0.167, 0.000, 0.000, 0.000, 0.138, 0.042, 0.050, 0.000, 0.000, 0.000
0.000, 0.067, 0.000, 0.000, 0.000, 0.219, 0.000, 0.000, 0.000, 0.000, 0.000, 0.000, 0.000, 0.000, 0.000, 0.000, 0.000, 0.000, 0.000, 0.000, 0.000, 0.240, 0.000, 0.000, 0.000, 0.250, 0.267, 0.000, 0.280, 0.273, 0.364, 0.071, 0.214, 1.000, 0.233, 0.000, 0.250, 0.000, 0.167, 0.276, 0.292, 0.190, 0.000, 0.091, 0.000, 0.467, 0.300, 0.133, 0.000, 0.158, 0.231, 0.240, 0.269, 0.154, 0.000, 0.250, 0.269, 0.000, 0.000, 0.350, 0.280, 0.167, 0.217, 0.091, 0.000, 0.000, 0.364, 0.222, 0.269, 0.308, 0.000, 0.000, 0.000, 0.241, 0.217, 0.263, 0.000, 0.000, 0.000
0.000, 0.000, 0.000, 0.000, 0.000, 0.600, 0.000, 0.107, 0.000, 0.000, 0.000, 0.000, 0.000, 0.000, 0.000, 0.000, 0.000, 0.000, 0.000, 0.000, 0.000, 0.455, 0.000, 0.000, 0.000, 0.629, 0.286, 0.000, 0.531, 0.500, 0.382, 0.067, 0.133, 0.233, 1.000, 0.000, 0.500, 0.000, 0.107, 0.688, 0.600, 0.312, 0.000, 0.036, 0.000, 0.258, 0.433, 0.172, 0.000, 0.393, 0.581, 0.600, 0.613, 0.103, 0.000, 0.516, 0.471, 0.000, 0.019, 0.419, 0.581, 0.500, 0.364, 0.036, 0.037, 0.000, 0.516, 0.724, 0.515, 0.214, 0.097, 0.000, 0.000, 0.656, 0.452, 0.464, 0.000, 0.000, 0.000
0.000, 0.000, 0.667, 0.000, 0.000, 0.000, 0.478, 0.045, 0.000, 0.565, 0.364, 0.458, 0.520, 0.348, 0.261, 0.593, 0.500, 0.458, 0.150, 0.333, 0.174, 0.000, 0.480, 0.143, 0.739, 0.000, 0.000, 0.000, 0.000, 0.000, 0.000, 0.000, 0.000, 0.000, 0.000, 1.000, 0.000, 0.714, 0.000, 0.000, 0.000, 0.000, 0.900, 0.000, 0.348, 0.000, 0.000, 0.000, 0.818, 0.000, 0.000, 0.000, 0.000, 0.000, 0.522, 0.000, 0.000, 0.000, 0.607, 0.000, 0.000, 0.000, 0.000, 0.000, 0.000, 0.000, 0.000, 0.000, 0.000, 0.000, 0.000, 0.000, 0.250, 0.000, 0.028, 0.000, 0.500, 0.500, 0.211
0.000, 0.000, 0.000, 0.000, 0.067, 0.375, 0.000, 0.188, 0.000, 0.000, 0.000, 0.000, 0.000, 0.000, 0.000, 0.000, 0.000, 0.000, 0.000, 0.000, 0.000, 0.385, 0.000, 0.000, 0.000, 0.452, 0.263, 0.000, 0.423, 0.435, 0.346, 0.000, 0.100, 0.250, 0.500, 0.000, 1.000, 0.000, 0.056, 0.500, 0.500, 0.304, 0.000, 0.000, 0.000, 0.350, 0.409, 0.048, 0.000, 0.286, 0.423, 0.440, 0.462, 0.111, 0.000, 0.458, 0.357, 0.000, 0.000, 0.455, 0.480, 0.320, 0.320, 0.062, 0.000, 0.000, 0.458, 0.462, 0.357, 0.222, 0.048, 0.000, 0.000, 0.464, 0.435, 0.526, 0.000, 0.000, 0.000
0.000, 0.000, 0.520, 0.000, 0.000, 0.000, 0.524, 0.050, 0.000, 0.619, 0.556, 0.500, 0.565, 0.450, 0.227, 0.519, 0.619, 0.435, 0.167, 0.368, 0.250, 0.000, 0.591, 0.222, 0.652, 0.000, 0.000, 0.059, 0.000, 0.000, 0.000, 0.000, 0.000, 0.000, 0.000, 0.714, 0.000, 1.000, 0.000, 0.000, 0.000, 0.000, 0.714, 0.000, 0.450, 0.000, 0.000, 0.000, 0.727, 0.000, 0.000, 0.000, 0.000, 0.000, 0.650, 0.000, 0.000, 0.000, 0.536, 0.000, 0.000, 0.000, 0.000, 0.000, 0.000, 0.000, 0.000, 0.000, 0.000, 0.000, 0.000, 0.000, 0.217, 0.000, 0.029, 0.000, 0.423, 0.556, 0.235
0.000, 0.000, 0.000, 0.000, 0.000, 0.138, 0.000, 0.000, 0.000, 0.000, 0.000, 0.000, 0.000, 0.000, 0.000, 0.000, 0.000, 0.000, 0.000, 0.000, 0.000, 0.190, 0.000, 0.000, 0.000, 0.062, 0.300, 0.000, 0.130, 0.100, 0.143, 0.000, 0.100, 0.167, 0.107, 0.000, 0.056, 0.000, 1.000, 0.148, 0.087, 0.267, 0.000, 0.000, 0.000, 0.143, 0.176, 0.375, 0.000, 0.067, 0.083, 0.136, 0.080, 0.000, 0.000, 0.091, 0.174, 0.000, 0.000, 0.050, 0.130, 0.100, 0.048, 0.000, 0.000, 0.000, 0.143, 0.125, 0.174, 0.222, 0.100, 0.000, 0.000, 0.154, 0.100, 0.059, 0.000, 0.000, 0.000
0.000, 0.000, 0.000, 0.000, 0.037, 0.600, 0.000, 0.107, 0.000, 0.000, 0.000, 0.000, 0.000, 0.000, 0.000, 0.000, 0.000, 0.000, 0.000, 0.000, 0.000, 0.455, 0.000, 0.000, 0.000, 0.583, 0.241, 0.000, 0.531, 0.500, 0.516, 0.067, 0.172, 0.276, 0.688, 0.000, 0.500, 0.000, 0.148, 1.000, 0.500, 0.355, 0.000, 0.036, 0.000, 0.300, 0.483, 0.214, 0.000, 0.393, 0.581, 0.600, 0.515, 0.103, 0.000, 0.567, 0.471, 0.000, 0.019, 0.517, 0.581, 0.452, 0.452, 0.036, 0.037, 0.037, 0.567, 0.613, 0.515, 0.214, 0.097, 0.000, 0.000, 0.606, 0.452, 0.519, 0.000, 0.000, 0.000
0.000, 0.000, 0.000, 0.000, 0.048, 0.471, 0.000, 0.087, 0.000, 0.000, 0.000, 0.000, 0.000, 0.000, 0.000, 0.000, 0.000, 0.000, 0.000, 0.000, 0.000, 0.355, 0.000, 0.000, 0.000, 0.545, 0.304, 0.000, 0.433, 0.500, 0.414, 0.083, 0.037, 0.292, 0.600, 0.000, 0.500, 0.000, 0.087, 0.500, 1.000, 0.286, 0.000, 0.000, 0.000, 0.375, 0.194, 0.120, 0.000, 0.375, 0.536, 0.615, 0.467, 0.238, 0.000, 0.577, 0.419, 0.000, 0.044, 0.583, 0.593, 0.560, 0.300, 0.045, 0.048, 0.000, 0.577, 0.517, 0.375, 0.217, 0.077, 0.000, 0.000, 0.567, 0.560, 0.522, 0.000, 0.000, 0.000
0.000, 0.000, 0.000, 0.000, 0.067, 0.375, 0.000, 0.056, 0.000, 0.000, 0.000, 0.000, 0.000, 0.000, 0.000, 0.000, 0.000, 0.000, 0.000, 0.000, 0.000, 0.385, 0.000, 0.000, 0.000, 0.324, 0.412, 0.000, 0.321, 0.222, 0.458, 0.053, 0.100, 0.190, 0.312, 0.000, 0.304, 0.000, 0.267, 0.355, 0.286, 1.000, 0.000, 0.000, 0.000, 0.421, 0.292, 0.158, 0.000, 0.174, 0.233, 0.286, 0.357, 0.111, 0.000, 0.250, 0.462, 0.000, 0.000, 0.280, 0.370, 0.222, 0.269, 0.062, 0.000, 0.000, 0.400, 0.357, 0.357, 0.375, 0.294, 0.000, 0.000, 0.367, 0.222, 0.261, 0.000, 0.000, 0.000
0.000, 0.000, 0.667, 0.000, 0.000, 0.000, 0.478, 0.045, 0.000, 0.565, 0.364, 0.458, 0.520, 0.348, 0.261, 0.593, 0.500, 0.458, 0.150, 0.333, 0.174, 0.000, 0.480, 0.143, 0.739, 0.000, 0.000, 0.000, 0.000, 0.000, 0.000, 0.000, 0.000, 0.000, 0.000, 0.900, 0.000, 0.714, 0.000, 0.000, 0.000, 0.000, 1.000, 0.000, 0.348, 0.000, 0.000, 0.000, 0.818, 0.000, 0.000, 0.000, 0.000, 0.000, 0.522, 0.000, 0.000, 0.000, 0.607, 0.000, 0.000, 0.000, 0.000, 0.000, 0.000, 0.000, 0.000, 0.000, 0.000, 0.000, 0.000, 0.000, 0.250, 0.000, 0.028, 0.000, 0.500, 0.500, 0.211
0.000, 0.143, 0.000, 0.000, 0.000, 0.000, 0.000, 0.000, 0.000, 0.000, 0.000, 0.000, 0.000, 0.000, 0.000, 0.000, 0.000, 0.000, 0.000, 0.000, 0.000, 0.045, 0.000, 0.000, 0.000, 0.032, 0.000, 0.000, 0.043, 0.053, 0.048, 0.000, 0.125, 0.091, 0.036, 0.000, 0.000, 0.000, 0.000, 0.036, 0.000, 0.000, 0.000, 1.000, 0.000, 0.000, 0.000, 0.125, 0.000, 0.000, 0.043, 0.000, 0.042, 0.000, 0.000, 0.000, 0.042, 0.000, 0.000, 0.000, 0.000, 0.000, 0.053, 0.000, 0.000, 0.000, 0.048, 0.042, 0.042, 0.000, 0.000, 0.000, 0.000, 0.000, 0.000, 0.000, 0.000, 0.000, 0.000
0.000, 0.000, 0.269, 0.000, 0.000, 0.000, 0.588, 0.067, 0.000, 0.450, 0.643, 0.400, 0.550, 0.412, 0.294, 0.385, 0.450, 0.474, 0.231, 0.615, 0.333, 0.000, 0.429, 0.214, 0.435, 0.000, 0.000, 0.083, 0.000, 0.000, 0.000, 0.000, 0.000, 0.000, 0.000, 0.348, 0.000, 0.450, 0.000, 0.000, 0.000, 0.000, 0.348, 0.000, 1.000, 0.000, 0.000, 0.000, 0.435, 0.000, 0.000, 0.000, 0.000, 0.000, 0.474, 0.000, 0.000, 0.000, 0.407, 0.000, 0.000, 0.000, 0.000, 0.000, 0.000, 0.000, 0.000, 0.000, 0.000, 0.000, 0.000, 0.000, 0.278, 0.000, 0.034, 0.000, 0.391, 0.438, 0.067
0.000, 0.000, 0.000, 0.000, 0.083, 0.323, 0.000, 0.000, 0.000, 0.000, 0.000, 0.000, 0.000, 0.000, 0.000, 0.000, 0.000, 0.000, 0.000, 0.000, 0.000, 0.375, 0.000, 0.000, 0.000, 0.312, 0.312, 0.000, 0.259, 0.200, 0.455, 0.000, 0.188, 0.467, 0.258, 0.000, 0.350, 0.000, 0.143, 0.300, 0.375, 0.421, 0.000, 0.000, 0.000, 1.000, 0.333, 0.056, 0.000, 0.091, 0.308, 0.269, 0.346, 0.214, 0.000, 0.280, 0.400, 0.000, 0.000, 0.381, 0.417, 0.200, 0.250, 0.167, 0.000, 0.000, 0.524, 0.296, 0.400, 0.357, 0.118, 0.000, 0.000, 0.310, 0.200, 0.300, 0.000, 0.000, 0.000
0.000, 0.000, 0.000, 0.000, 0.000, 0.500, 0.000, 0.053, 0.000, 0.000, 0.000, 0.000, 0.000, 0.000, 0.000, 0.000, 0.000, 0.000, 0.000, 0.000, 0.000, 0.480, 0.000, 0.000, 0.000, 0.394, 0.316, 0.000, 0.407, 0.259, 0.385, 0.050, 0.211, 0.300, 0.433, 0.000, 0.409, 0.000, 0.176, 0.483, 0.194, 0.292, 0.000, 0.000, 0.000, 0.333, 1.000, 0.095, 0.000, 0.167, 0.310, 0.276, 0.444, 0.050, 0.000, 0.286, 0.393, 0.000, 0.000, 0.222, 0.357, 0.214, 0.308, 0.059, 0.000, 0.000, 0.385, 0.444, 0.500, 0.278, 0.095, 0.000, 0.000, 0.400, 0.133, 0.250, 0.000, 0.000, 0.000
0.000, 0.000, 0.000, 0.000, 0.000, 0.161, 0.000, 0.000, 0.000, 0.000, 0.000, 0.000, 0.000, 0.000, 0.000, 0.000, 0.000, 0.000, 0.000, 0.000, 0.000, 0.217, 0.000, 0.000, 0.000, 0.121, 0.231, 0.000, 0.074, 0.087, 0.227, 0.091, 0.167, 0.133, 0.172, 0.000, 0.048, 0.000, 0.375, 0.214, 0.120, 0.158, 0.000, 0.125, 0.000, 0.056, 0.095, 1.000, 0.000, 0.118, 0.074, 0.120, 0.154, 0.000, 0.000, 0.080, 0.250, 0.000, 0.000, 0.043, 0.115, 0.136, 0.136, 0.000, 0.000, 0.143, 0.174, 0.154, 0.250, 0.167, 0.077, 0.000, 0.000, 0.138, 0.136, 0.105, 0.000, 0.000, 0.000
0.000, 0.000, 0.615, 0.000, 0.000, 0.000, 0.565, 0.042, 0.000, 0.583, 0.391, 0.423, 0.600, 0.435, 0.292, 0.667, 0.583, 0.542, 0.136, 0.364, 0.261, 0.000, 0.560, 0.182, 0.826, 0.000, 0.000, 0.048, 0.000, 0.000, 0.000, 0.000, 0.000, 0.000, 0.000, 0.818, 0.000, 0.727, 0.000, 0.000, 0.000, 0.000, 0.818, 0.000, 0.435, 0.000, 0.000, 0.000, 1.000, 0.000, 0.000, 0.000, 0.000, 0.000, 0.542, 0.000, 0.000, 0.000, 0.679, 0.000, 0.000, 0.000, 0.000, 0.000, 0.000, 0.000, 0.000, 0.000, 0.000, 0.000, 0.000, 0.000, 0.280, 0.000, 0.026, 0.000, 0.577, 0.455, 0.190
0.000, 0.000, 0.000, 0.000, 0.000, 0.323, 0.000, 0.143, 0.000, 0.000, 0.000, 0.000, 0.000, 0.000, 0.000, 0.000, 0.000, 0.000, 0.000, 0.000, 0.000, 0.179, 0.000, 0.000, 0.000, 0.273, 0.105, 0.000, 0.360, 0.364, 0.231, 0.000, 0.118, 0.158, 0.393, 0.000, 0.286, 0.000, 0.067, 0.393, 0.375, 0.174, 0.000, 0.000, 0.000, 0.091, 0.167, 0.118, 0.000, 1.000, 0.360, 0.375, 0.296, 0.062, 0.000, 0.333, 0.167, 0.000, 0.027, 0.381, 0.214, 0.364, 0.250, 0.000, 0.083, 0.083, 0.280, 0.346, 0.250, 0.118, 0.056, 0.000, 0.000, 0.357, 0.304, 0.368, 0.000, 0.000, 0.000
0.000, 0.000, 0.000, 0.000, 0.045, 0.417, 0.000, 0.083, 0.000, 0.000, 0.000, 0.000, 0.000, 0.000, 0.000, 0.000, 0.000, 0.000, 0.000, 0.000, 0.000, 0.433, 0.000, 0.000, 0.000, 0.529, 0.148, 0.000, 0.692, 0.538, 0.355, 0.038, 0.160, 0.231, 0.581, 0.000, 0.423, 0.000, 0.083, 0.581, 0.536, 0.233, 0.000, 0.043, 0.000, 0.308, 0.310, 0.074, 0.000, 0.360, 1.000, 0.720, 0.406, 0.174, 0.000, 0.750, 0.364, 0.000, 0.043, 0.500, 0.571, 0.481, 0.379, 0.043, 0.045, 0.000, 0.448, 0.607, 0.500, 0.115, 0.074, 0.000, 0.000, 0.600, 0.481, 0.440, 0.000, 0.000, 0.000
0.000, 0.000, 0.000, 0.000, 0.048, 0.471, 0.000, 0.136, 0.000, 0.000, 0.000, 0.000, 0.000, 0.000, 0.000, 0.000, 0.000, 0.000, 0.000, 0.000, 0.000, 0.400, 0.000, 0.000, 0.000, 0.500, 0.200, 0.000, 0.593, 0.625, 0.367, 0.083, 0.077, 0.240, 0.600, 0.000, 0.440, 0.000, 0.136, 0.600, 0.615, 0.286, 0.000, 0.000, 0.000, 0.269, 0.276, 0.120, 0.000, 0.375, 0.720, 1.000, 0.375, 0.182, 0.000, 0.783, 0.467, 0.000, 0.022, 0.520, 0.654, 0.625, 0.258, 0.045, 0.048, 0.000, 0.414, 0.571, 0.467, 0.120, 0.077, 0.000, 0.000, 0.679, 0.625, 0.458, 0.000, 0.000, 0.000
0.000, 0.000, 0.000, 0.000, 0.000, 0.576, 0.000, 0.080, 0.000, 0.000, 0.000, 0.000, 0.000, 0.000, 0.000, 0.000, 0.000, 0.000, 0.000, 0.000, 0.000, 0.419, 0.000, 0.000, 0.000, 0.606, 0.333, 0.000, 0.452, 0.323, 0.483, 0.120, 0.154, 0.269, 0.613, 0.000, 0.462, 0.000, 0.080, 0.515, 0.467, 0.357, 0.000, 0.042, 0.000, 0.346, 0.444, 0.154, 0.000, 0.296, 0.406, 0.375, 1.000, 0.167, 0.000, 0.387, 0.586, 0.000, 0.000, 0.481, 0.552, 0.367, 0.323, 0.087, 0.000, 0.000, 0.593, 0.586, 0.438, 0.200, 0.154, 0.000, 0.000, 0.531, 0.323, 0.370, 0.000, 0.000, 0.000
0.000, 0.000, 0.000, 0.000, 0.200, 0.133, 0.000, 0.000, 0.000, 0.000, 0.000, 0.000, 0.000, 0.000, 0.000, 0.000, 0.000, 0.000, 0.000, 0.000, 0.000, 0.182, 0.000, 0.000, 0.000, 0.167, 0.273, 0.000, 0.174, 0.150, 0.190, 0.111, 0.091, 0.154, 0.103, 0.000, 0.111, 0.000, 0.000, 0.103, 0.238, 0.111, 0.000, 0.000, 0.000, 0.214, 0.050, 0.000, 0.000, 0.062, 0.174, 0.182, 0.167, 1.000, 0.000, 0.190, 0.167, 0.000, 0.000, 0.294, 0.227, 0.150, 0.150, 0.167, 0.000, 0.000, 0.190, 0.120, 0.167, 0.091, 0.091, 0.000, 0.000, 0.148, 0.211, 0.118, 0.000, 0.000, 0.000
0.000, 0.000, 0.480, 0.000, 0.000, 0.000, 0.722, 0.053, 0.000, 0.571, 0.688, 0.600, 0.591, 0.556, 0.368, 0.481, 0.571, 0.455, 0.250, 0.471, 0.263, 0.000, 0.619, 0.312, 0.542, 0.000, 0.000, 0.062, 0.000, 0.000, 0.000, 0.000, 0.000, 0.000, 0.000, 0.522, 0.000, 0.650, 0.000, 0.000, 0.000, 0.000, 0.522, 0.000, 0.474, 0.000, 0.000, 0.000, 0.542, 0.000, 0.000, 0.000, 0.000, 0.000, 1.000, 0.000, 0.000, 0.000, 0.556, 0.000, 0.000, 0.000, 0.000, 0.000, 0.000, 0.000, 0.000, 0.000, 0.000, 0.000, 0.000, 0.000, 0.174, 0.000, 0.030, 0.000, 0.500, 0.421, 0.250
0.000, 0.000, 0.000, 0.000, 0.050, 0.441, 0.000, 0.091, 0.000, 0.000, 0.000, 0.000, 0.000, 0.000, 0.000, 0.000, 0.000, 0.000, 0.000, 0.000, 0.000, 0.367, 0.000, 0.000, 0.000, 0.471, 0.160, 0.000, 0.556, 0.583, 0.333, 0.087, 0.080, 0.250, 0.516, 0.000, 0.458, 0.000, 0.091, 0.567, 0.577, 0.250, 0.000, 0.000, 0.000, 0.280, 0.286, 0.080, 0.000, 0.333, 0.750, 0.783, 0.387, 0.190, 0.000, 1.000, 0.387, 0.000, 0.045, 0.542, 0.615, 0.520, 0.310, 0.048, 0.050, 0.000, 0.429, 0.536, 0.387, 0.080, 0.080, 0.000, 0.000, 0.586, 0.520, 0.545, 0.000, 0.000, 0.000
0.000, 0.000, 0.000, 0.000, 0.043, 0.529, 0.000, 0.038, 0.000, 0.000, 0.000, 0.000, 0.000, 0.000, 0.000, 0.000, 0.000, 0.000, 0.000, 0.000, 0.000, 0.517, 0.000, 0.000, 0.000, 0.514, 0.391, 0.000, 0.364, 0.323, 0.483, 0.077, 0.154, 0.269, 0.471, 0.000, 0.357, 0.000, 0.174, 0.471, 0.419, 0.462, 0.000, 0.042, 0.000, 0.400, 0.393, 0.250, 0.000, 0.167, 0.364, 0.467, 0.586, 0.167, 0.000, 0.387, 1.000, 0.000, 0.000, 0.379, 0.607, 0.414, 0.323, 0.087, 0.000, 0.000, 0.483, 0.484, 0.586, 0.200, 0.200, 0.000, 0.000, 0.581, 0.367, 0.233, 0.000, 0.000, 0.000
0.500, 0.143, 0.000, 0.500, 0.000, 0.000, 0.000, 0.000, 1.000, 0.000, 0.000, 0.000, 0.000, 0.000, 0.000, 0.000, 0.000, 0.000, 0.000, 0.000, 0.000, 0.000, 0.000, 0.000, 0.000, 0.000, 0.000, 0.000, 0.000, 0.000, 0.000, 0.167, 0.000, 0.000, 0.000, 0.000, 0.000, 0.000, 0.000, 0.000, 0.000, 0.000, 0.000, 0.000, 0.000, 0.000, 0.000, 0.000, 0.000, 0.000, 0.000, 0.000, 0.000, 0.000, 0.000, 0.000, 0.000, 1.000, 0.000, 0.000, 0.000, 0.000, 0.000, 0.000, 0.000, 0.000, 0.000, 0.000, 0.000, 0.000, 0.000, 0.250, 0.000, 0.000, 0.000, 0.000, 0.000, 0.000, 0.000
0.000, 0.000, 0.621, 0.000, 0.000, 0.019, 0.519, 0.000, 0.000, 0.536, 0.370, 0.556, 0.607, 0.407, 0.333, 0.724, 0.536, 0.556, 0.154, 0.296, 0.259, 0.000, 0.571, 0.192, 0.741, 0.018, 0.000, 0.038, 0.021, 0.023, 0.000, 0.000, 0.000, 0.000, 0.019, 0.607, 0.000, 0.536, 0.000, 0.019, 0.044, 0.000, 0.607, 0.000, 0.407, 0.000, 0.000, 0.000, 0.679, 0.027, 0.043, 0.022, 0.000, 0.000, 0.556, 0.045, 0.000, 0.000, 1.000, 0.000, 0.000, 0.023, 0.023, 0.000, 0.038, 0.000, 0.000, 0.021, 0.000, 0.000, 0.000, 0.000, 0.321, 0.020, 0.000, 0.026, 0.643, 0.370, 0.154
0.000, 0.000, 0.000, 0.000, 0.059, 0.394, 0.000, 0.105, 0.000, 0.000, 0.000, 0.000, 0.000, 0.000, 0.000, 0.000, 0.000, 0.000, 0.000, 0.000, 0.000, 0.357, 0.000, 0.000, 0.000, 0.516, 0.182, 0.000, 0.444, 0.458, 0.423, 0.100, 0.143, 0.350, 0.419, 0.000, 0.455, 0.000, 0.050, 0.517, 0.583, 0.280, 0.000, 0.000, 0.000, 0.381, 0.222, 0.043, 0.000, 0.381, 0.500, 0.520, 0.481, 0.294, 0.000, 0.542, 0.379, 0.000, 0.000, 1.000, 0.560, 0.346, 0.346, 0.056, 0.000, 0.000, 0.609, 0.429, 0.290, 0.143, 0.143, 0.000, 0.000, 0.536, 0.522, 0.550, 0.000, 0.000, 0.000
0.000, 0.000, 0.000, 0.000, 0.045, 0.545, 0.000, 0.130, 0.000, 0.000, 0.000, 0.000, 0.000, 0.000, 0.000, 0.000, 0.000, 0.000, 0.000, 0.000, 0.000, 0.387, 0.000, 0.000, 0.000, 0.576, 0.348, 0.000, 0.517, 0.481, 0.400, 0.080, 0.074, 0.280, 0.581, 0.000, 0.480, 0.000, 0.130, 0.581, 0.593, 0.370, 0.000, 0.000, 0.000, 0.417, 0.357, 0.115, 0.000, 0.214, 0.571, 0.654, 0.552, 0.227, 0.000, 0.615, 0.607, 0.000, 0.000, 0.560, 1.000, 0.600, 0.333, 0.043, 0.000, 0.000, 0.615, 0.667, 0.500, 0.160, 0.160, 0.000, 0.000, 0.655, 0.538, 0.385, 0.000, 0.000, 0.000
0.000, 0.000, 0.000, 0.000, 0.056, 0.516, 0.000, 0.158, 0.000, 0.000, 0.000, 0.000, 0.000, 0.000, 0.000, 0.000, 0.000, 0.000, 0.000, 0.000, 0.000, 0.219, 0.000, 0.000, 0.000, 0.412, 0.174, 0.000, 0.429, 0.440, 0.226, 0.150, 0.000, 0.167, 0.500, 0.000, 0.320, 0.000, 0.100, 0.452, 0.560, 0.222, 0.000, 0.000, 0.000, 0.200, 0.214, 0.136, 0.000, 0.364, 0.481, 0.625, 0.367, 0.150, 0.000, 0.520, 0.414, 0.000, 0.023, 0.346, 0.600, 1.000, 0.286, 0.000, 0.056, 0.000, 0.357, 0.577, 0.323, 0.136, 0.087, 0.000, 0.000, 0.517, 0.565, 0.391, 0.000, 0.000, 0.000
0.000, 0.000, 0.000, 0.000, 0.056, 0.343, 0.000, 0.048, 0.000, 0.000, 0.000, 0.000, 0.000, 0.000, 0.000, 0.000, 0.000, 0.000, 0.000, 0.000, 0.000, 0.393, 0.000, 0.000, 0.000, 0.548, 0.227, 0.000, 0.379, 0.241, 0.407, 0.000, 0.136, 0.217, 0.364, 0.000, 0.320, 0.000, 0.048, 0.452, 0.300, 0.269, 0.000, 0.053, 0.000, 0.250, 0.308, 0.136, 0.000, 0.250, 0.379, 0.258, 0.323, 0.150, 0.000, 0.310, 0.323, 0.000, 0.023, 0.346, 0.333, 0.286, 1.000, 0.053, 0.056, 0.000, 0.407, 0.367, 0.367, 0.250, 0.250, 0.000, 0.000, 0.333, 0.286, 0.333, 0.000, 0.000, 0.000
0.000, 0.000, 0.000, 0.000, 0.000, 0.033, 0.000, 0.000, 0.000, 0.000, 0.000, 0.000, 0.000, 0.000, 0.000, 0.000, 0.000, 0.000, 0.000, 0.000, 0.000, 0.045, 0.000, 0.000, 0.000, 0.032, 0.100, 0.000, 0.043, 0.053, 0.048, 0.000, 0.125, 0.091, 0.036, 0.000, 0.062, 0.000, 0.000, 0.036, 0.045, 0.062, 0.000, 0.000, 0.000, 0.167, 0.059, 0.000, 0.000, 0.000, 0.043, 0.045, 0.087, 0.167, 0.000, 0.048, 0.087, 0.000, 0.000, 0.056, 0.043, 0.000, 0.053, 1.000, 0.000, 0.000, 0.048, 0.000, 0.042, 0.125, 0.125, 0.000, 0.000, 0.037, 0.053, 0.000, 0.000, 0.000, 0.000
0.000, 0.000, 0.000, 0.000, 0.000, 0.034, 0.000, 0.000, 0.000, 0.000, 0.000, 0.000, 0.000, 0.000, 0.000, 0.000, 0.000, 0.000, 0.000, 0.000, 0.000, 0.000, 0.000, 0.000, 0.000, 0.033, 0.000, 0.000, 0.045, 0.056, 0.000, 0.000, 0.000, 0.000, 0.037, 0.000, 0.000, 0.000, 0.000, 0.037, 0.048, 0.000, 0.000, 0.000, 0.000, 0.000, 0.000, 0.000, 0.000, 0.083, 0.045, 0.048, 0.000, 0.000, 0.000, 0.050, 0.000, 0.000, 0.038, 0.000, 0.000, 0.056, 0.056, 0.000, 1.000, 0.000, 0.000, 0.043, 0.000, 0.000, 0.000, 0.000, 0.000, 0.038, 0.000, 0.071, 0.000, 0.000, 0.000
0.000, 0.000, 0.000, 0.000, 0.000, 0.000, 0.000, 0.000, 0.000, 0.000, 0.000, 0.000, 0.000, 0.000, 0.000, 0.000, 0.000, 0.000, 0.000, 0.000, 0.000, 0.000, 0.000, 0.000, 0.000, 0.000, 0.000, 0.000, 0.000, 0.000, 0.050, 0.000, 0.143, 0.000, 0.000, 0.000, 0.000, 0.000, 0.000, 0.037, 0.000, 0.000, 0.000, 0.000, 0.000, 0.000, 0.000, 0.143, 0.000, 0.083, 0.000, 0.000, 0.000, 0.000, 0.000, 0.000, 0.000, 0.000, 0.000, 0.000, 0.000, 0.000, 0.000, 0.000, 0.000, 1.000, 0.000, 0.000, 0.043, 0.000, 0.000, 0.000, 0.000, 0.000, 0.000, 0.000, 0.000, 0.000, 0.000
0.000, 0.000, 0.000, 0.000, 0.050, 0.531, 0.000, 0.091, 0.000, 0.000, 0.000, 0.000, 0.000, 0.000, 0.000, 0.000, 0.000, 0.000, 0.000, 0.000, 0.000, 0.519, 0.000, 0.000, 0.000, 0.613, 0.318, 0.000, 0.400, 0.407, 0.600, 0.042, 0.174, 0.364, 0.516, 0.000, 0.458, 0.000, 0.143, 0.567, 0.577, 0.400, 0.000, 0.048, 0.000, 0.524, 0.385, 0.174, 0.000, 0.280, 0.448, 0.414, 0.593, 0.190, 0.000, 0.429, 0.483, 0.000, 0.000, 0.609, 0.615, 0.357, 0.407, 0.048, 0.000, 0.000, 1.000, 0.593, 0.536, 0.227, 0.125, 0.000, 0.000, 0.533, 0.357, 0.417, 0.000, 0.000, 0.000
0.000, 0.000, 0.000, 0.000, 0.043, 0.677, 0.000, 0.125, 0.000, 0.000, 0.000, 0.000, 0.000, 0.000, 0.000, 0.000, 0.000, 0.000, 0.000, 0.000, 0.000, 0.419, 0.000, 0.000, 0.000, 0.656, 0.231, 0.000, 0.552, 0.464, 0.387, 0.077, 0.154, 0.222, 0.724, 0.000, 0.462, 0.000, 0.125, 0.613, 0.517, 0.357, 0.000, 0.042, 0.000, 0.296, 0.444, 0.154, 0.000, 0.346, 0.607, 0.571, 0.586, 0.120, 0.000, 0.536, 0.484, 0.000, 0.021, 0.429, 0.667, 0.577, 0.367, 0.000, 0.043, 0.000, 0.593, 1.000, 0.533, 0.154, 0.111, 0.000, 0.000, 0.633, 0.367, 0.480, 0.000, 0.000, 0.000
0.000, 0.000, 0.000, 0.000, 0.043, 0.529, 0.000, 0.038, 0.000, 0.000, 0.000, 0.000, 0.000, 0.000, 0.000, 0.000, 0.000, 0.000, 0.000, 0.000, 0.000, 0.692, 0.000, 0.000, 0.000, 0.559, 0.333, 0.000, 0.452, 0.323, 0.593, 0.000, 0.250, 0.269, 0.515, 0.000, 0.357, 0.000, 0.174, 0.515, 0.375, 0.357, 0.000, 0.042, 0.000, 0.400, 0.500, 0.250, 0.000, 0.250, 0.500, 0.467, 0.438, 0.167, 0.000, 0.387, 0.586, 0.000, 0.000, 0.290, 0.500, 0.323, 0.367, 0.042, 0.000, 0.043, 0.536, 0.533, 1.000, 0.200, 0.071, 0.000, 0.000, 0.531, 0.281, 0.233, 0.000, 0.000, 0.000
0.000, 0.000, 0.000, 0.000, 0.000, 0.161, 0.000, 0.000, 0.000, 0.000, 0.000, 0.000, 0.000, 0.000, 0.000, 0.000, 0.000, 0.000, 0.000, 0.000, 0.000, 0.217, 0.000, 0.000, 0.000, 0.156, 0.455, 0.000, 0.160, 0.087, 0.350, 0.000, 0.167, 0.308, 0.214, 0.000, 0.222, 0.000, 0.222, 0.214, 0.217, 0.375, 0.000, 0.000, 0.000, 0.357, 0.278, 0.167, 0.000, 0.118, 0.115, 0.120, 0.200, 0.091, 0.000, 0.080, 0.200, 0.000, 0.000, 0.143, 0.160, 0.136, 0.250, 0.125, 0.000, 0.000, 0.227, 0.154, 0.200, 1.000, 0.167, 0.000, 0.000, 0.179, 0.136, 0.167, 0.000, 0.000, 0.000
0.000, 0.000, 0.000, 0.000, 0.000, 0.125, 0.000, 0.000, 0.000, 0.000, 0.000, 0.000, 0.000, 0.000, 0.000, 0.000, 0.000, 0.000, 0.000, 0.000, 0.000, 0.120, 0.000, 0.000, 0.000, 0.121, 0.231, 0.000, 0.115, 0.042, 0.125, 0.000, 0.000, 0.000, 0.097, 0.000, 0.048, 0.000, 0.100, 0.097, 0.077, 0.294, 0.000, 0.000, 0.000, 0.118, 0.095, 0.077, 0.000, 0.056, 0.074, 0.077, 0.154, 0.091, 0.000, 0.080, 0.200, 0.000, 0.000, 0.143, 0.160, 0.087, 0.250, 0.125, 0.000, 0.000, 0.125, 0.111, 0.071, 0.167, 1.000, 0.000, 0.000, 0.138, 0.087, 0.050, 0.000, 0.000, 0.000
0.333, 0.286, 0.000, 0.333, 0.000, 0.000, 0.000, 0.000, 0.250, 0.000, 0.000, 0.000, 0.000, 0.000, 0.000, 0.000, 0.000, 0.000, 0.000, 0.000, 0.000, 0.000, 0.000, 0.000, 0.000, 0.000, 0.000, 0.000, 0.000, 0.000, 0.000, 0.143, 0.000, 0.000, 0.000, 0.000, 0.000, 0.000, 0.000, 0.000, 0.000, 0.000, 0.000, 0.000, 0.000, 0.000, 0.000, 0.000, 0.000, 0.000, 0.000, 0.000, 0.000, 0.000, 0.000, 0.000, 0.000, 0.250, 0.000, 0.000, 0.000, 0.000, 0.000, 0.000, 0.000, 0.000, 0.000, 0.000, 0.000, 0.000, 0.000, 1.000, 0.000, 0.000, 0.000, 0.000, 0.000, 0.000, 0.000
